59345
99960
37258
919
96933
5855
82577
94977
81301
82567
97025
50641
11349
37761
43734
12081
92155
47221
80203
6126
21848
50165
95211
47561
89372
36392
53103
97002
88403
31956
98730
47927
95566
30634
32473
22193
80959
84594
97849
88248
56158
6901
23689
66465
42714
82766
38460
86859
1046
84202
72479
80283
59591
38577
79896
9181
4750
89697
11547
60541
52752
85574
6575
49346
83837
49098
55074
80715
5288
21541
31122
7562
49372
91955
49968
14947
26477
28746
4847
6606
97931
66243
95956
4202
59477
18447
88336
56990
50738
23293
17443
91261
73048
37308
35496
70583
327
74342
82628
93615
27692
57745
81572
79504
53080
64918
30912
67635
88608
64949
82704
76003
84850
4941
62609
86508
89617
2374
89868
65390
60762
98084
29978
81994
4099
39860
34513
12064
56459
79384
14621
52134
46118
11231
78913
40187
84671
16453
51121
94559
87535
20701
68381
85788
40589
41440
6411
68107
74699
48988
80965
97953
84473
17238
32854
29608
27768
99577
75406
13221
30405
18848
11176
9225
50329
30570
29886
73620
26028
22422
1837
73165
51252
95309
77854
40061
29703
44189
41406
62658
33449
66405
37365
7472
98418
16667
67660
28880
78377
49305
12420
85094
41046
37901
64154
68688
9525
59157
35460
10019
11555
32791
42080
52277
47151
7801
46701
89164
39384
92792
99904
83578
58171
12749
79771
64000
81482
3705
10806
33662
62910
1006
95242
76722
10003
16743
32120
13352
31156
9166
30536
70546
8730
31388
51104
658
24326
85088
60321
90618
69966
78496
89496
85585
49400
28841
26923
28298
58129
155
87205
5821
48351
1799
47108
10549
37549
65357
42274
30408
75680
33349
58008
30218
62256
29359
74849
26784
61644
79114
39675
96394
43383
20188
63696
84414
11510
9658
27322
81161
89820
3823
55223
31002
21961
24716
22195
6931
84279
40555
63109
58968
42814
29913
14938
36617
20488
59278
23329
20042
53992
139
66653
79015
60479
90811
62438
28164
38102
62694
99039
27891
38035
61113
40588
71858
78126
27007
8258
37541
7164
67918
42505
21089
16005
80706
53580
13471
5250
27079
63927
52231
86328
7281
27170
89681
37170
76208
70522
31150
62278
94031
68829
21586
41516
35218
20933
81701
89324
43080
58490
93481
51021
85788
12878
86073
57634
45564
63010
79772
37231
48968
22914
11023
98767
46808
41562
30755
33944
50907
34689
1919
56484
77107
75263
13133
99089
20919
79573
80787
59774
71878
24146
62170
68589
70445
1210
541
94403
41096
32047
91605
13198
90749
93918
13311
71117
57806
22819
94707
93655
90178
47758
38418
8391
56572
36997
73913
10525
99745
86984
36716
65991
82223
19999
65353
24822
60744
42434
28322
45599
41022
36351
92847
18860
43083
88720
65735
83189
61953
42015
41284
98100
84865
87131
69596
24120
85727
53779
12017
33449
27296
90016
94657
54112
95331
25615
30975
70751
28565
88488
10373
15372
94497
49109
52634
53827
54911
19558
65308
67852
71262
90724
48572
57730
45700
38615
81125
95091
50403
41233
39094
6965
30418
94872
18303
51005
41693
38736
23528
17469
57745
94984
54624
73465
31643
25912
3604
35756
34498
15769
69209
66170
88471
44165
62187
36572
41444
36928
8412
56717
44489
35883
20348
87332
49394
3408
84954
99624
30807
1629
12134
16175
96030
47839
10107
76277
36100
75107
26088
19788
35012
45370
60594
34634
72023
72924
18494
86253
32685
81730
9562
4766
30324
66811
72980
21862
74636
67292
24071
28235
40958
3979
4950
32869
3636
53035
70140
40632
34058
85909
473
66337
10841
88623
21705
99119
75289
85714
15310
76469
84914
98701
66939
49076
92067
7369
85850
29219
74859
88244
1642
68807
51036
97853
78830
31034
40420
27725
30999
18989
2785
77861
52195
46776
81258
43224
93924
41701
45107
73860
46573
88921
51983
47602
43320
42257
37039
55873
40802
96267
67184
40921
65773
45814
84268
31665
15301
12988
9794
90671
58699
47565
54716
96320
73684
7053
46506
20164
67818
48843
13444
44150
84111
999
41672
12720
16825
3435
54533
36573
93994
84546
86922
34731
51804
61863
12088
6382
62507
49593
27924
80937
31908
54436
15161
99008
34206
55662
73917
36267
95750
16876
88055
91959
82824
23035
56809
64775
4142
71548
14840
11867
58454
73220
96676
74153
60642
19985
44517
11822
94965
40125
57656
18226
20920
32506
12242
29676
85837
42663
78514
61163
29518
18266
40822
77118
96491
94963
51907
28770
5054
47313
2240
90959
34753
16057
22483
58687
57759
41008
38367
14221
11146
62096
41302
55626
59219
69830
71040
50318
10793
27134
78937
61479
93034
53676
82349
40189
32398
19558
77661
65678
68077
15747
6768
47652
37886
66697
83472
4863
10024
53555
71917
44829
4297
64293
50018
67422
76963
85196
17899
26662
23923
1590
17978
77920
68376
40761
97924
81077
33708
82294
26290
38201
63347
72688
46143
95398
55328
93650
17741
92522
86357
66178
40295
57238
55216
34108
57182
28742
3659
14927
63225
47202
1660
50999
41756
66488
97768
28847
79275
97124
68772
2396
71154
27729
27265
33716
81482
31609
18150
54619
12094
83313
67456
25377
40304
57745
61294
60740
22704
34268
83579
69183
77419
18781
19069
79088
36542
12348
30932
79655
97630
26481
14375
20616
23751
83962
95023
12566
29973
21501
52626
25573
10592
49039
2834
79912
79746
76282
10695
84010
5194
37028
6144
45008
13546
99588
24977
52374
8661
48177
97174
69134
677
38495
56989
85612
68938
46840
1626
56342
62721
48729
30768
1204
81641
58006
58592
28380
15948
39157
99341
60259
1654
46922
74461
60602
20338
69366
7070
24162
58986
42650
3906
81795
24326
83492
24896
72097
92049
17221
10974
32906
74657
54353
21289
56465
6261
4940
63366
55540
40997
96596
36426
69503
48835
36915
67480
53755
64033
96386
65274
99572
39771
77464
97355
20072
44823
48973
76877
98148
33110
86494
36331
98726
28184
66436
85602
47300
25633
17997
54342
15399
6001
51530
83165
62390
6224
34403
32960
87411
16012
71140
8064
95662
51947
11402
93134
97193
56997
1218
11642
57288
28063
65217
22430
54502
60265
37700
41319
82399
51313
20181
28123
46037
42045
49876
93571
88241
94298
34966
13848
10421
16013
89466
82137
61969
78431
40668
46779
16783
73301
88409
90303
24415
6356
97054
87336
40783
29100
28663
2125
68524
93083
50561
36099
95831
43018
62027
53618
2072
17830
4894
2895
22031
87370
1221
41275
38596
83080
60460
76071
19598
90920
24536
9098
62903
29878
3709
39681
44991
62540
52789
59142
65636
32842
45324
17337
65452
53368
86305
18952
16404
87050
44708
98953
68408
85515
68272
37045
5135
55779
48740
57702
68639
52592
82526
77603
68547
41463
73195
65954
39310
22346
8627
39531
65040
45752
37258
89189
42046
83883
75823
85228
96775
41509
59667
32547
46213
25583
40690
77388
61605
66664
34547
89212
13800
95087
90502
13045
50315
67721
48789
23989
80172
20352
79642
94057
78423
5177
33914
22656
48257
79083
94998
21251
79955
63511
60926
27130
92924
49980
31391
42965
774
95807
4349
72646
87799
19415
25731
69952
55249
24214
38874
74325
35095
51835
5057
76424
61867
65609
54124
41036
91668
18034
29131
82522
71665
13297
9257
50289
34161
63372
20120
336
36331
5825
23215
84365
16003
6997
6259
59009
79445
63961
67406
24043
40209
20673
86156
28121
58455
84502
65263
27315
95855
90354
51296
82740
66676
21826
981
74503
10159
75442
35791
91877
4094
38539
37995
29270
28620
20691
60421
54870
59351
95114
61590
27708
50627
5089
42314
50993
27140
81136
91833
49658
98109
92805
4480
45976
54528
40475
17690
94177
6017
31756
48851
4004
28170
75529
19950
1671
82677
56886
99500
37765
24082
10393
67964
742
28765
23589
32113
61588
79512
49987
47363
29022
83608
86133
93767
11289
34059
92019
74741
88145
3002
66244
48854
27595
46264
57587
99537
75098
85138
40644
68315
70253
81636
54069
25577
87716
24842
3739
17211
30940
8362
56102
14666
56029
84393
19829
20395
42037
81761
8661
67611
90657
82145
11355
34764
57838
61538
40370
54477
71178
24052
57015
76449
38868
81671
77109
47386
29540
60556
6052
86447
30320
74808
43802
79783
46899
51579
92825
43201
26436
37192
57500
93336
76478
73032
77657
88108
70281
19306
67738
26178
84471
49262
46033
6888
51347
79652
75797
74357
7285
72442
90855
81481
75710
22214
37291
15850
38343
31571
87864
6260
68713
97168
28042
33986
66551
63678
99970
65836
4014
89000
77105
10234
92818
79873
1976
81058
28776
36914
28436
67246
75781
18468
35917
53993
46337
76019
17626
54264
35741
61808
49766
38710
31442
61479
57465
87303
21221
12047
40336
87669
79682
9962
70344
18284
95337
80621
88662
95837
20239
56233
87073
1429
3136
20618
30478
50246
61251
74048
87648
90532
46052
45707
30095
42205
39235
38395
78792
31339
22408
14673
59838
16729
96577
40767
87564
65820
48124
17634
58656
65716
87356
21789
34026
79508
74735
48337
35575
10825
31001
7219
26052
47172
24399
49804
41617
33975
79866
28139
79049
56942
1830
57324
73429
5567
96394
70344
4852
62368
33053
64657
2123
43618
15393
21933
3177
24264
11681
50587
67470
90897
2821
67967
339
15189
88620
12666
92330
46774
99150
53590
85954
19985
38585
1714
63887
30033
48360
28460
83113
4391
43486
73206
77772
66343
5097
82433
31780
2467
46627
17354
22295
29280
60669
88151
54122
33862
56986
58240
16946
83729
78014
58077
63218
79463
78703
82137
5034
13679
58045
73144
75904
83221
67473
63079
47412
29614
90195
33995
10093
6187
80886
89864
147
81797
31296
56674
59316
50434
47591
30026
73046
90119
11515
99384
26377
85408
9989
98308
87639
22959
77400
18101
44421
73483
41449
39073
61807
97589
40739
24509
43666
22991
48148
10759
2843
88149
57931
81421
48168
22030
22822
54600
66087
28020
98
85784
71707
68088
36703
62004
19625
91886
46355
87133
28787
62785
45443
26664
40348
92222
94867
61727
9695
23083
86359
50055
41972
756
96541
38227
27477
28568
50141
65610
138
22801
52013
16402
73385
55665
67366
93718
60887
78734
4884
51779
76636
61014
81972
40058
42707
31268
41073
55945
27162
61094
44905
43005
41660
50042
43813
70951
71546
98475
34527
91056
41745
80744
86995
5987
10773
29042
53278
84682
24856
1149
840
30961
18200
34581
73419
80957
18783
56484
95520
96209
87494
94196
38448
39043
77895
9009
74742
23344
11853
96414
22173
62411
44207
13827
10034
95891
74019
75986
29285
13665
77989
56390
31090
26014
60255
13944
24805
7079
76623
62855
52169
15062
2955
38318
3563
47549
42296
47952
28091
1764
54300
29935
72830
28441
78976
38428
86753
4373
24547
77528
6939
42797
27199
81855
18220
31104
63106
12435
78788
63952
84203
67663
46721
48997
44246
7111
59456
5890
10265
62484
53595
26067
47896
27521
59365
48055
83560
2649
47037
21827
27190
20432
82531
99095
55917
9372
87863
21100
20098
72458
84443
29862
69163
64138
17561
86637
83214
23834
84194
71866
78971
80864
94108
62062
23933
80871
94901
99677
22491
70165
47544
60457
65398
56962
36762
63772
85131
47625
93080
34875
19248
38357
85792
37806
78041
23734
56903
83757
9961
72728
64841
59727
18454
75171
42855
46326
26324
20470
75162
75045
14471
88185
98608
49933
24914
23986
64463
12202
27377
53789
1506
35589
30753
49320
52619
40615
95071
56302
84021
199
23968
11144
89717
49763
5324
87817
42003
90226
14108
90435
37448
64662
72463
18035
20404
31062
39749
35860
12893
54056
59270
44702
56380
56172
71222
29253
28974
69134
22553
2241
51254
70021
36448
74964
51078
3327
98468
48846
44609
37097
81982
74237
98093
36942
16341
36844
63125
12719
28916
21557
866
59212
43410
29966
40928
79266
54763
33545
78540
76070
58844
72869
67674
11868
39181
67427
28214
97499
66957
17078
32594
90903
91250
75796
72073
85033
46608
19439
39832
34379
66127
16256
40218
997
1375
92042
26611
6483
34036
71812
48563
64923
70305
68539
78253
9113
6564
86226
97760
48913
8630
65626
45762
11839
88962
9963
67962
67614
57892
55895
32658
35325
93712
44162
9944
42588
32652
66677
10493
47139
40817
21732
63463
95144
68514
67670
20598
22711
97543
62961
78470
60381
21679
90919
25749
501
70493
28379
12034
91412
24080
58997
48590
78140
39154
13239
71211
26143
58595
35665
76460
39886
75733
50622
8097
86898
2164
50617
43325
21292
89364
45251
70071
94931
77425
72276
13646
2794
18414
9443
72094
4274
54644
19081
23059
81819
73141
85323
55991
55275
96459
94454
64115
61878
86500
38585
84648
71056
82822
38851
98337
19877
85053
90742
2048
78828
88925
53659
716
66878
99592
68417
7730
49153
63570
72187
85242
56653
27563
26277
13757
16840
94626
88049
24832
94909
81135
8193
8432
38841
87628
42589
19971
79563
11105
52218
19220
63901
17033
44230
92894
19483
84608
89112
55682
28043
86725
14963
98308
14313
53343
27995
43494
56546
25094
81497
25251
97004
65911
7139
97693
80733
45228
61874
79249
57003
48447
28167
38048
11352
52968
21341
39620
83332
33383
94274
32232
5514
32367
96789
8185
66173
9884
94118
85498
59633
99095
63425
54470
29608
26967
22216
97990
9895
46537
12161
74255
22734
9864
98678
79595
58558
76915
86956
61345
32002
88375
60161
23164
30819
49266
19738
64637
69121
98953
31521
70849
51109
76376
19616
57908
85022
73697
8441
84385
30752
23351
29725
36796
21222
20020
9499
95649
33688
17194
49627
89258
22927
32774
53496
71258
38935
40262
23651
80341
7230
57578
28869
10941
15017
41312
23146
46357
90247
40771
94573
84860
68474
2572
30593
8651
58650
23365
1942
10799
39767
24088
30949
51927
49327
42263
47922
18335
22881
48358
18973
44761
50046
28099
77155
73173
94481
18785
21780
79910
96873
63141
5403
92917
22621
64766
20784
20355
2181
44845
12609
15570
38320
12853
40574
83141
26630
76941
61614
72754
93389
4811
23477
41890
21798
49813
34814
40375
25417
57419
14170
39866
1586
22031
13925
76626
18686
38032
29307
84561
21479
27567
16155
78035
35749
3404
6441
37194
87525
94013
46544
17541
57170
49025
86521
92062
39665
63513
71119
72807
29952
80408
94938
44761
30676
72743
13984
16290
98928
63948
64456
88598
47634
77053
51275
65822
88656
45442
6141
18395
43373
97620
52850
31403
10876
96629
82695
52561
35510
21862
36961
55173
66912
56500
54609
41070
32629
71393
47359
63006
89420
90151
38266
23577
29558
57945
69906
80117
97750
20700
3407
94223
57372
52724
29435
32332
27558
63536
33886
34047
90048
61423
80779
77066
26988
9284
21686
91134
22444
10205
33194
17264
98082
43135
28975
53221
59355
29274
1846
52930
26723
2578
54811
14810
18456
42738
97800
14189
27066
22278
13512
69092
37507
13313
72957
27997
9372
61199
96589
20274
36260
78771
57674
87545
87506
86142
96140
14238
23750
76213
72976
98284
61691
80955
7324
87471
6612
65969
58611
84249
11483
7498
64069
167
96692
64101
79756
84770
70177
978
43850
98155
32684
81571
16671
47951
44904
67265
27304
32313
46597
83563
90438
50852
49301
15228
7402
56551
5989
85486
21386
43402
2589
12340
8791
28762
14703
57507
90852
23406
6386
11371
44061
22773
32363
74820
65600
80119
64285
59372
42567
39347
38666
26298
37653
27920
17060
13217
50865
81465
56699
23206
78781
84690
79592
449
95567
20345
72780
87908
33249
87396
76413
3899
25928
35226
39502
67666
18489
74481
49627
27282
92266
46617
42919
82038
4737
76290
74687
80871
11703
1487
6642
9387
66706
83180
32590
59370
43180
31915
79252
45256
7340
76376
26124
55171
62933
34767
371
2427
88417
49393
94727
76384
31838
29417
30939
32164
41771
97553
95712
19278
45658
91909
76206
31763
80754
67026
37193
42747
2637
80132
24486
86574
95228
4372
19943
15890
20494
87748
19106
69969
75920
72260
92453
62309
6759
30258
77549
37289
52241
426
17600
45627
36203
59975
99598
15430
171
94361
74416
95907
97574
57623
99789
8286
24908
8154
81156
27467
9475
15050
11671
54022
78448
25743
43357
73397
99456
13897
25004
50497
89477
99903
90506
2212
62532
78859
50371
35253
4774
4513
15720
26133
13333
23198
72395
18297
72470
84167
37402
98605
49101
50082
27815
37192
88754
63577
67179
10460
16619
26201
15974
86273
69357
23919
6430
97670
67117
97578
45754
46048
57782
45904
22694
4962
99329
85538
40689
55250
53348
25061
927
15289
76495
26399
1397
39396
72089
53314
13457
98954
11681
39912
18635
78572
88538
29447
56775
89414
16769
74724
51179
74892
38414
91353
40823
3198
27388
22853
37862
3216
22888
11930
57112
91557
25275
685
9779
42959
22522
67034
25582
13804
84122
46799
34368
17871
27270
44122
16424
69883
28764
51275
38482
78624
73881
26035
76875
85141
85575
98199
12008
49237
15452
10241
76066
99750
82799
27077
53298
87854
19668
13816
66892
49734
49142
37376
90770
91614
56985
22953
75927
83266
6430
67979
74452
71613
73447
78487
17677
99239
23810
24638
57383
24323
55027
76344
98351
73881
70732
34617
35071
194
90824
28569
50216
14948
84382
88747
29482
36505
35265
85260
28156
62623
22272
28741
42808
47473
35789
4454
26303
4313
9400
54058
64044
95030
56433
42570
94706
72797
39025
16889
20883
22368
87881
75734
92442
77860
17764
59504
87230
84700
49006
81172
63975
38549
96481
94760
2051
26286
33537
50879
38092
66279
8314
30759
90793
36766
64525
55185
58515
41813
94041
56684
97480
18376
64378
5788
74741
46537
36299
64948
29709
76284
17224
41603
55307
28228
90083
25496
98548
61672
40519
68420
39261
88145
78797
54603
14055
57123
84941
55676
13336
62578
990
45417
90658
92321
83691
45599
74170
90694
20020
55513
89986
68589
21170
61808
49055
66710
75452
62566
46683
39029
56637
96843
1294
25621
17424
9335
39579
9775
91733
17618
61596
80623
51613
67130
75295
71806
50945
62985
44536
44484
51326
7855
41652
85006
78434
70671
66975
16989
5548
47344
81671
22375
8993
74306
5942
4147
44124
65038
74898
74356
6021
64395
98960
2402
93916
9364
16977
54040
86513
77249
15766
12467
18030
2200
87702
48783
55191
16288
47187
46752
42360
22590
4228
44390
35947
39221
71631
77306
61189
71148
27683
85906
88087
70179
38463
86931
8894
39250
91089
69071
53695
12936
30476
28299
31578
69204
4346
6793
86603
57158
48955
27836
17852
28146
31997
83431
60168
54571
66455
54696
37732
39670
92850
15365
49567
29859
24380
47850
63736
772
39890
15942
25199
78115
93057
29424
92113
75928
12813
66742
34876
64838
90702
4031
22194
99846
68055
59941
38183
55032
26763
54322
72794
36393
31339
14025
20086
15112
78731
1719
44825
56496
43056
85832
17269
33014
2638
39736
35089
2573
91317
84239
41759
99713
19821
72894
48968
88819
93171
49721
61804
64438
9668
8705
74008
85567
43147
88805
46777
79032
9339
77002
97197
11094
21918
78380
21782
4871
86762
89179
97208
28320
24852
35610
63715
42524
12564
73081
16573
58445
65057
31266
21941
29011
39915
80386
46829
34352
11824
31702
89867
13833
92958
56057
93234
14315
87042
30666
77795
41441
51112
44098
2058
3992
52512
33484
39586
74057
44989
31485
73004
70065
72232
88332
13976
78073
55062
68186
71179
41532
31552
87430
93046
55060
99312
83376
35361
68795
42376
49400
55482
81897
95286
75132
7333
20959
29208
17950
76498
6431
40800
72771
89362
80338
58697
19802
41600
4627
42081
15162
59253
18856
59487
36263
9889
63682
51051
46997
4679
69135
98123
70791
31682
95589
76003
91106
74778
97099
80999
93016
48865
37112
91687
64748
733
58780
98067
12709
96363
79510
41777
30734
26714
27215
90146
36626
22411
59023
65243
43651
69907
82211
13271
7364
8308
70008
41090
93773
4336
67590
45024
44500
23628
49065
66296
22141
27168
94738
35531
51109
65615
38343
50634
25168
27359
67389
44077
4467
5443
39377
68695
15756
31857
37349
23109
66654
23842
84324
56440
30724
17690
4295
8373
28773
34487
97276
7107
77649
60918
68006
9459
27673
23492
14135
78035
31565
31578
88103
80004
40918
25932
36623
88330
64958
98894
29268
12644
86278
25956
99642
98299
42843
38298
4808
33419
61320
29970
21861
90680
30082
60283
66427
43549
37437
29919
41023
92263
17722
59313
91544
35076
35739
4321
15523
4792
81067
15964
43415
29879
5220
84633
20828
51694
61275
69706
66615
89374
18685
80715
16716
1595
9718
97422
49923
80635
59504
93074
50894
35039
57872
37005
94921
26966
34411
64566
62561
38523
22776
16
52352
45357
86554
91981
85461
45449
39455
14734
82273
67730
63303
51649
73578
37007
42598
89950
25359
38316
54398
34887
45288
87992
65070
8377
72006
68214
89711
93862
17283
96708
7146
28093
66598
18670
28364
71358
15040
17736
11961
4474
41181
44770
10801
83163
71735
6223
63426
57915
84367
44461
39207
24245
84125
87888
54727
64359
80287
78178
19976
17247
55737
45592
97451
85564
60585
35211
85050
54909
8643
71239
74910
7624
26356
49924
93706
518
77191
81907
36641
65783
4789
31797
9496
72822
57502
82900
43967
78710
63942
64004
91071
36861
97760
94713
48736
95588
47319
25237
22578
36524
21173
8517
49272
13128
69550
31583
97889
34202
94182
54209
87167
98379
41537
54192
12458
23941
36097
24629
28063
77685
91244
6341
90967
44639
80168
38050
9864
31642
1188
98117
53199
51955
59329
118
44611
96272
82524
96367
3273
25919
85010
9766
84527
9733
76837
92691
95323
43568
82255
24796
59492
22690
97173
44892
45280
14833
17550
4634
32960
31501
21719
66248
33014
96064
1011
35212
39050
41420
9581
16186
41416
39730
21357
2145
92674
81478
21813
81234
67801
87476
42726
66295
49386
76391
38626
30509
54782
14438
54837
29778
78722
77891
63407
71771
4200
18763
76751
88462
8722
41625
53641
53903
33988
66070
83380
19763
1334
95029
52218
63801
93020
36315
36832
45484
88774
55424
16863
56622
57439
70502
80430
24613
86583
79803
37463
63524
76322
49585
97944
73911
4728
33350
72512
26177
33835
88822
32308
83315
93011
18863
29175
59753
62219
91036
36758
42408
41059
17924
82997
48776
1901
20130
31024
38220
61195
29029
67320
54184
28607
19856
43440
51748
97084
78306
59074
59670
63802
10655
11649
99951
23116
33547
63611
38576
41327
20678
62393
95546
43045
95055
22465
58399
66588
49169
72011
84597
2327
34293
64982
4807
21503
78124
54709
73155
75423
77427
62668
83913
31962
77088
78605
30404
6275
83045
25661
68354
56518
92447
96892
40517
66635
71773
11140
33551
97391
85041
85160
47915
6295
74476
57343
29510
45673
6843
78449
44992
78837
90456
63153
63900
58009
78480
63584
65957
16451
92060
52124
83542
23509
3658
28080
9880
37401
24465
38172
49729
66985
21158
75764
90381
92267
14753
77618
57486
19746
49095
84731
99432
4596
80669
89516
66062
29294
32992
82508
88154
8189
45182
17101
5331
32918
1618
24407
2638
46397
47463
92108
21208
68671
28721
78006
57679
14693
72772
71633
43257
863
6099
46211
67355
7330
52692
78946
42840
14141
62017
80585
4409
41957
50017
41540
21803
4058
70433
57463
90649
90345
74980
11090
72282
56987
63523
30762
75875
2663
31837
51370
56522
61359
39251
87292
2091
98971
49745
98001
80225
22671
81567
88497
84379
66877
87700
79251
18654
87181
56204
53622
44259
15309
80984
52911
25882
95009
73928
10369
43806
21931
3072
40177
82303
10648
24064
43050
2706
62725
39450
22832
54313
72432
77238
67978
8779
86482
26711
5406
69286
84272
12108
88694
46458
78215
7111
41214
80375
86340
61410
7082
25043
39376
54195
58295
19600
41390
6195
73731
42814
44651
76545
55928
47732
33373
99308
71826
38071
13006
44132
39399
68299
68523
41082
59533
9823
14378
93719
4088
3538
82849
62674
16366
1315
32369
97788
14937
18237
18943
48378
67389
80288
52979
62591
24636
7728
56179
40963
13086
78906
35284
3144
67369
42208
22011
38782
56519
98293
94662
48473
5223
47671
2107
70194
59964
81976
60180
54614
15363
35584
84372
53590
19128
64627
76743
59111
15320
5932
16446
51806
53643
73415
80634
25181
68253
79706
95304
74157
79303
93586
41270
16643
23575
70470
43156
19718
78181
82785
2628
42660
47548
1566
25600
77501
94534
81694
84015
2743
65465
62900
23463
50587
81848
42856
94829
31808
67036
76926
1941
80257
86671
86022
75310
21777
94314
67729
30015
48658
21472
57025
80930
32535
3305
73786
4258
52078
47815
3133
30647
86558
95691
92562
8693
16404
70124
90682
34795
80718
75640
11349
52682
1256
80844
22370
55988
61525
26255
3823
83187
26805
51680
35357
81271
8440
81969
90927
47282
8062
38598
42752
83992
63903
46280
15383
84565
94109
77330
58906
51653
3632
32935
49296
73018
10123
4344
79675
51691
80935
17798
42733
25823
43993
19946
3842
34879
60335
11292
254
34435
79196
43400
26734
42120
32889
27356
88778
54976
65462
37804
61879
84194
67349
52169
79556
93870
2384
62338
71148
4096
2295
39237
66347
90263
95865
16929
40000
43958
42438
80503
24231
82817
77077
24472
72457
60231
6201
7176
40129
82766
15566
24700
86228
43131
55919
58538
58474
91823
40390
9971
32496
97996
40144
96157
32140
39959
77053
36470
46255
15961
87356
44821
12538
84958
13574
79061
7118
42877
79712
19325
87669
95207
22209
88381
88530
77595
53008
23217
34345
37327
58454
48176
3568
32468
48008
26234
42674
80919
92332
32498
83178
69731
60921
24169
95410
70744
12162
1271
29558
76857
51421
15598
12111
21065
22301
37288
75788
51763
7628
54545
86950
53836
2125
8928
57506
39180
41253
80069
36951
87339
36388
26198
50545
47214
36147
17939
34287
98039
92970
17786
65433
51738
93659
57488
85906
42857
36066
82503
10168
10720
50446
90911
73292
37788
45547
29342
67606
51993
66663
56230
29491
32092
64319
42218
40469
25223
65053
64896
84917
4363
3002
77748
58792
89841
89111
35213
60177
44637
23021
14649
3115
58750
69902
26232
36894
45477
52905
12757
1668
6806
50332
82293
31377
36741
88294
33341
87418
51442
17019
60684
77804
71169
97585
5806
7719
72698
32119
83451
48676
10335
69164
22970
28973
52014
53115
70741
62190
38088
5324
94991
72317
52296
63229
78112
54030
20709
46371
22052
1547
55770
47794
8736
27618
62337
36845
31946
61165
64097
18514
64196
13358
69454
64081
91332
37641
27363
53321
79362
83625
17554
71151
49331
46118
22027
88367
25508
7940
19473
51775
87009
26327
10068
81905
92906
62540
60429
95351
66635
15169
21170
9576
98092
19575
41127
81634
2864
88215
71897
40472
26668
67388
67009
38426
83992
84618
98463
62617
5591
73970
11338
24007
41693
12323
31504
37870
3291
87548
71174
28792
77211
32011
86685
64193
62455
7979
73059
29756
4991
40393
85503
37293
36042
79000
25108
19622
59318
71641
97912
8288
64077
97811
89760
92665
3832
97162
67883
85770
88071
3258
78343
15315
17041
43105
63260
94656
80703
2816
75970
76014
11560
68708
57627
65198
88466
74045
87964
62692
87214
11882
78552
31649
89635
62887
64715
79400
42250
94019
60362
65293
40095
87288
41684
1734
62049
70189
20252
92937
15741
30451
38919
56502
95670
21899
96727
95368
40185
24563
4200
29787
9199
5192
98555
76189
24706
46695
25679
54154
78389
83860
52406
86684
42454
10678
35920
24272
27024
55893
3149
18277
53794
95027
46952
56764
72963
22050
35978
67737
66159
69347
39215
17688
89819
30575
56094
34904
88732
65495
77028
15355
44511
66097
14549
31880
78044
52235
14049
84992
85979
72456
68345
84291
21415
85923
75993
14171
58240
41791
3227
2656
10718
57941
87994
9043
44645
34719
96864
11879
54583
1016
35539
61529
78865
87794
73765
87696
80479
15072
78720
20729
8002
50985
81757
93703
1002
54924
96273
3897
54582
41924
76663
46941
62269
74372
4638
86569
78103
5506
87234
43325
55370
2170
30409
84963
36917
6817
5427
33620
12158
88297
33692
43168
63071
82497
94654
59732
76183
94290
8041
89721
38446
92968
57297
12660
24353
88597
99259
4493
83157
87195
9594
74973
27837
35395
65358
5832
20576
96794
56787
94185
49497
62653
91738
66285
8232
33496
83870
79771
79718
44905
10387
83812
97465
97513
4880
62402
44872
17750
60611
48319
7557
934
50463
24962
78703
58719
15332
27677
17140
88822
39156
79389
37504
13856
40224
75792
1230
91012
4429
90856
4728
19489
24775
38252
76809
25782
77507
30324
30515
2957
60959
2827
36183
8468
86628
48564
12190
66776
87581
49513
18164
56194
62632
90895
5749
30997
46308
83610
57289
29087
61172
53860
13321
69754
43592
88067
76159
12212
48153
52922
81211
85008
97161
14183
27863
36330
43206
29037
27227
91660
63603
34453
3432
54916
72692
48534
56857
33879
32503
45813
79473
93897
73034
1428
41784
7100
89505
66429
64876
98561
72404
99977
18624
34659
68301
33156
59032
48449
63033
69419
87791
17272
56384
65629
65484
26719
50429
58405
97061
95057
31211
42281
79709
2341
73448
87314
11974
95733
72399
20764
46824
76777
64161
28666
19256
63625
15830
68772
86614
39537
89501
8409
70846
63084
58021
62202
37514
7406
35944
15065
56671
31100
69367
69818
67350
30124
20269
16284
61211
80987
21183
63299
76050
42269
22595
11015
53110
27719
46373
1859
10890
81656
71791
57525
5557
22803
71434
16625
44319
11246
49800
4569
59789
57334
64092
15725
7410
94342
61315
89132
43356
99545
7561
5627
18354
26203
32359
28577
40489
47007
9092
9796
61033
34086
4176
75014
59309
11843
64262
44548
58689
3644
71965
49965
31187
16614
3510
18716
78176
6871
3605
58768
66403
57240
58502
11345
74096
66164
39171
79353
90443
42858
76136
97311
2154
40005
43536
25704
53158
89078
56416
95567
30081
16768
30443
39713
27580
57595
74439
1741
22693
13643
50400
33619
43403
50324
43392
3793
75583
92831
919
93144
72671
84908
54104
15831
27508
74654
47812
91182
73078
77806
65558
89098
50454
8038
28687
49636
26797
18790
83764
16501
91724
37431
56661
76801
92458
42518
53909
51829
96612
39743
50121
60327
88159
63271
22896
45173
62663
14613
12205
52926
9784
83257
28662
44887
48085
61301
83164
35365
21638
93756
76995
56794
9067
84418
1420
35241
28247
77302
23373
84990
20745
95982
94569
33335
27685
5231
939
87183
85141
83513
86972
12185
6585
30838
6717
8468
8769
11774
28717
31157
59353
18544
30192
2857
62748
93327
51260
3742
61852
87655
16926
85360
91239
27215
32181
13801
88687
95327
17202
42854
60362
95981
50223
38124
6784
64810
50209
78229
77701
92951
26472
16474
48586
92216
25637
2202
65790
91713
70587
34358
53971
97197
25331
97486
66588
1613
20946
79369
98656
92916
19780
13442
94571
85862
70794
63372
68320
92068
96073
97937
43118
73031
26041
68900
61183
453
36774
99023
1579
29980
48010
96974
24740
82843
88883
63165
70650
52737
71536
5172
43865
70839
79572
84784
73171
13031
21902
62724
21422
62264
33881
73722
95639
72650
91240
80939
71156
56430
36304
66135
64838
21923
77791
68676
44906
22806
88701
11729
96978
7629
92721
15584
20533
90901
54072
72278
93458
41256
95728
48152
78551
74050
77601
39314
96099
74288
1335
52090
91603
7944
92009
14221
16433
5401
40334
21943
93048
10896
39879
50366
24329
10174
65745
13794
69542
18298
53190
4738
18578
18962
87481
29900
60701
88151
87584
90787
44321
38477
72577
70617
21471
36611
20125
89034
15620
78501
99150
15132
50568
32129
79229
82562
1377
45363
23823
68378
8305
63808
69772
77801
21099
96596
33513
72641
20463
62109
53519
28281
17817
49546
77622
54572
38319
69262
28896
87718
90048
76711
98173
91041
19147
38058
54169
86448
39733
4920
28524
15339
64328
19206
82482
80513
68705
94775
49519
24874
3099
47484
68572
53510
24983
70869
97315
1023
54507
24657
44244
32115
16468
36105
78329
31594
65634
78730
58655
83041
42427
47064
32909
15543
33586
38180
63953
98610
67063
97108
85867
43543
19744
4022
84619
42565
8139
44663
66058
48277
40743
53147
31941
15076
60676
96408
98871
28223
40876
50889
14879
89974
36121
66478
82446
56034
14575
53029
19925
86802
6917
98704
33959
57399
38790
701
12372
12446
51486
35765
23456
20971
12673
10379
42298
89280
15123
17833
54867
37177
39309
35730
57735
16175
82229
95893
7422
53265
21576
28585
27990
55110
24739
79256
41360
42039
19188
74542
76286
59975
84036
86425
76737
5112
27433
93907
77302
25743
24180
93166
40912
96742
98161
82747
47494
71187
40969
17784
75169
42896
93278
59106
90870
22901
7775
68345
96232
33416
69018
260
70092
40581
41547
94892
53141
52883
58992
52623
88741
88321
18592
81679
29086
28409
87673
31248
56948
41991
31762
70173
1070
1405
99373
33390
66696
24931
95555
53837
97336
59088
97675
43886
56725
23920
23074
331
55195
3270
29607
94610
12195
88346
29043
86847
24305
11600
30021
62461
35227
76527
11398
54242
1655
98844
99190
68688
41207
8158
28197
28211
57327
5156
55287
29654
90646
74706
24955
5166
5336
87342
76053
53679
12385
37151
57979
12724
72362
12527
9086
55096
94909
33095
18610
20809
47690
43434
42231
57880
24730
54386
59124
47038
75072
1397
37284
7039
33059
99388
96200
49598
86644
24855
57126
47885
475
57719
41858
64503
40866
86466
96326
28681
99071
73100
33301
24233
86546
34478
81964
47213
32475
67074
80435
50949
28219
29015
78606
10988
99867
50940
79664
72973
16326
59487
68451
70055
75968
70725
20335
89971
1576
77728
17015
38263
58060
30444
47966
1972
68095
13051
20493
98581
17425
48988
17124
19571
44419
6177
19666
71459
79112
30870
64635
89925
6803
23353
12355
39585
4649
63245
48265
15822
14143
91992
45637
54746
50059
42172
92889
97775
81049
76635
42892
86817
30447
81083
55549
67338
42363
48881
25636
69792
51059
48876
10860
70706
13093
27089
31461
34707
18089
8382
97322
4851
64785
4672
84438
25432
3351
62377
69511
2247
13288
21891
90409
2477
87977
77818
59479
25719
67804
45017
97221
55768
37610
78473
64763
65267
81133
74931
41654
22970
10712
58182
79687
72668
79312
38042
22032
25776
96645
30117
63987
79985
79370
23390
56504
29168
58466
8383
82728
35275
67610
5742
66903
73071
11160
41555
67241
86312
39908
19172
44299
28420
20724
46541
91535
55105
42204
17742
23165
49936
55786
33703
29074
37687
81030
17236
76397
14221
21969
35595
6801
72750
92202
6379
55360
4970
91279
6616
61508
37757
70801
35719
85867
77473
85818
35567
59262
32829
31854
1400
86964
40725
85218
32793
79488
33908
76668
29217
92041
93923
65157
53021
64344
4314
12371
71548
36218
14346
91181
86566
63826
35588
56233
85407
79134
20067
47835
51600
51868
45463
57974
43569
82366
20570
48630
66076
87532
59409
26890
21452
28301
62062
14575
67584
72599
17781
71375
81554
65103
14271
99349
44916
41648
45288
37573
51376
84491
99810
53659
59422
86073
25068
77348
46578
35950
21589
70654
43774
55684
46295
84015
76808
87455
69730
58265
1764
21014
88648
12808
61354
48692
66281
86497
37598
46114
13058
1922
37079
82997
97253
81585
87722
5751
67468
35379
3234
84714
67996
31635
51011
47127
27601
25871
18809
30255
22541
57460
71917
87022
35809
30363
95842
87002
92305
10730
19792
38571
39751
465
22892
19668
33575
60777
58430
64709
96293
71058
19988
34351
55031
17050
53017
57014
61797
14227
21091
40411
67689
7343
23574
55598
30004
50056
47188
66891
85742
720
13446
56738
15587
64663
44963
67532
8744
31344
13552
66823
67440
54099
33962
51482
37473
37567
31991
18760
77345
38829
25206
78078
89639
79381
70881
32408
76890
67294
89663
83519
13590
91538
78967
95573
57613
63249
18765
90368
72086
85484
48270
30453
676
54267
72970
13591
73380
72091
18125
92437
18066
28429
89545
46914
75514
35368
67099
36205
93781
12556
90641
41450
41680
30033
53234
75902
75132
38389
93869
74223
18802
41623
46673
91860
90559
94752
77402
35372
6412
57291
59028
4800
49169
97226
65453
85161
1993
32053
20060
22245
96150
82560
96586
59531
94843
6820
88772
70643
1034
97067
38458
34992
78221
43902
73636
76442
81755
97685
56355
80761
57965
31728
29794
36491
53527
85842
92281
44454
64579
68073
73909
43079
18329
71624
78073
36241
45036
87142
97017
83739
5981
6760
34338
9344
18833
24036
26578
5268
23591
89011
3406
4308
75698
39299
64280
64423
52767
60096
6004
9001
14539
44319
6065
32961
23159
95379
16664
6597
65828
37395
31407
94613
668
72615
74780
51206
97389
20450
17658
29492
59264
87014
20863
75568
64667
69601
67381
79030
7345
13650
83474
84939
81138
88016
69201
61661
696
1378
86185
23454
7373
19981
39439
86196
57604
8793
3641
3083
64518
13074
67034
32317
42439
76512
49737
27524
23456
30496
68294
53557
27998
37634
99251
52179
53920
46468
13476
12651
3415
13120
50510
96011
34265
94203
22120
39283
47576
34667
17964
55875
65961
64299
14512
94270
46616
51157
42501
4627
38280
41677
38206
70199
33084
32628
95455
69738
20730
87260
32276
11137
95317
90989
99667
51399
62563
71022
98052
48235
54393
10454
79948
88788
12532
12420
87595
63699
23122
4982
5563
2763
3967
8849
74371
61738
74914
80311
62928
1637
98748
52381
18554
60315
2391
6828
60557
74972
64631
63113
31707
75594
53105
94265
50234
27826
61728
49417
57667
20665
45032
31757
46617
15748
81697
29514
7170
86468
16619
37930
76484
82252
8094
96415
49487
2012
91899
19634
86398
5705
51862
12624
99068
60009
73274
29969
49658
9702
58615
46545
10
25497
22644
42263
56604
66992
5764
2806
78618
72877
99657
74089
58353
26701
86628
49455
67500
56689
44779
48222
35927
42095
63019
51962
68803
32409
32688
86607
42474
51729
79855
97468
27853
70073
37920
50988
59608
65831
39812
82495
96247
89094
41015
13521
6047
77772
54270
72368
73380
23820
62468
92968
64922
10394
10619
57915
62478
70681
73460
24196
34304
19156
60332
26889
93022
2190
46236
88279
88780
35641
89846
1670
16878
62284
51974
46832
1080
49499
45916
91030
78138
60320
13228
18655
89261
86886
32546
17460
59455
80005
88509
88926
92370
15616
48191
77091
28763
14126
20499
3858
31536
65991
83587
37740
33973
60799
76091
2639
58420
63786
56835
12980
24766
82430
46058
73984
5929
41677
37628
6136
69643
28777
28825
8775
47131
920
9300
1262
14093
74882
18070
86953
29000
42059
59494
12148
76732
75487
84682
28462
10796
29908
59040
95669
23171
75529
64161
9941
69558
74207
71163
87085
76498
14363
34214
2759
37166
74812
90608
33053
51500
74830
88545
83537
45716
69881
83979
82707
22936
33910
97251
30442
56995
9166
95340
39735
69737
33156
85604
71601
36759
99358
31703
39885
3720
30985
10456
14638
7845
56735
74981
1920
84878
51629
76962
35966
41362
75502
49953
53289
91550
81453
87004
35649
76956
40721
30090
67332
19023
94478
33022
4011
89208
19008
96293
52141
43127
48661
79817
14732
59426
69342
74862
66200
58929
95331
45563
5366
32203
59375
98373
94235
83202
32316
80051
55306
12355
96054
62929
62998
895
43123
95614
13366
23714
70971
12712
65871
55336
24822
92838
92701
95684
35222
93862
22208
6592
20805
76719
81624
95157
24725
35129
59648
96105
38786
20808
56892
38956
40988
39786
47072
85732
16819
13837
16303
73727
61496
42486
87958
82620
79692
50030
7381
66536
5672
98550
47981
38453
57843
48714
91550
19335
81304
67841
76170
7995
35967
17260
84927
50163
55819
26916
14348
85036
45766
6970
78865
21385
77560
48480
45095
78318
88761
99004
15466
74694
27748
93112
90433
40236
72827
18440
81112
92273
48236
27738
4428
48978
37667
8309
37761
44236
57559
37795
26801
52777
35682
22345
20771
98702
19685
26596
60893
9363
3620
13232
30574
82299
52376
1476
80246
42855
26827
44692
77336
37380
45803
22075
36800
18029
2542
29888
83718
69252
10720
859
20760
50967
72204
62689
39013
5403
72342
91731
20551
46231
57546
71749
88654
35005
97164
22128
96602
36192
28062
94906
17410
12867
60459
89420
6974
13608
85545
2742
96161
89797
42878
91640
98643
2762
92472
79607
10096
89687
62462
74843
70512
35095
24141
31105
79833
74053
33420
1796
20865
80413
33285
47527
41190
15813
83448
7893
90507
82783
55715
25405
19858
69600
95569
30753
3353
65906
73106
85893
42532
17558
12033
6916
73729
53218
24394
82315
88725
29354
9587
32920
80187
83750
81877
15748
56513
95351
50450
82831
19313
84579
89099
27312
33972
37058
54986
913
39525
93388
27752
13928
948
47527
59263
3307
68381
26370
73798
87972
91418
1134
19167
61153
73196
22795
45218
36107
87722
79822
74240
8002
15456
90274
66580
57952
28458
84720
72943
36671
98231
23482
42790
95337
1602
95659
31972
32660
24487
78570
47366
30144
21554
62478
91412
18180
65413
27946
54115
11178
91839
18879
13190
59703
19148
19751
98472
10673
80947
1312
74849
83661
53426
37127
89740
67937
58344
23830
59552
77537
90822
12558
11621
9153
32456
44097
86447
52977
98862
48401
92539
512
30605
61766
44832
79352
10292
83086
76190
81851
97186
21299
51713
23176
3722
63705
76718
84427
72737
23476
59835
41583
68394
76578
20355
79282
7259
4038
27247
75050
33303
45496
11811
32546
8772
74337
53056
91659
92295
10388
57646
75257
47639
77700
80351
69523
60844
88444
5431
68750
67379
2021
80239
75387
88566
50956
32118
54027
41412
65549
72094
6254
55839
1140
48548
51691
9489
19168
14405
29384
10649
85058
92132
62349
65829
84577
93944
90693
96226
50831
18439
18814
98606
58497
7672
31283
65256
36424
43980
57815
42220
99029
50247
26746
38294
51393
19418
46500
29153
28661
60035
41676
74040
76047
58102
82320
9889
17890
9558
3989
57012
41424
57800
90580
47111
53280
7647
97342
93468
17265
86435
73064
75188
56589
87164
11619
34811
65386
24056
14437
65160
47445
61541
67566
90796
76762
44773
22560
395
25351
21395
47366
26867
39992
804
796
41229
59667
79635
85013
43746
22076
53032
11888
42226
86970
66488
17452
88882
46483
47509
44502
93834
95120
38829
9568
79883
90234
99784
70348
8508
85086
96947
68117
95870
39069
46198
35196
55786
86368
70390
75144
85751
39043
70691
43084
94412
49653
25341
3826
10274
27322
33678
53912
77841
76892
53532
31746
1164
91235
20913
50995
59882
9287
76506
58659
25128
84914
16018
3157
40772
31292
61665
2515
76093
72365
58750
54792
24430
95744
15155
30231
64894
95958
60075
81185
51409
43036
90275
18978
85537
14453
34033
64551
65456
19396
15262
76465
62536
12032
17957
9499
33636
22184
63053
78981
65656
31164
77819
5477
18143
98740
7316
5420
76080
90682
86100
63924
49212
95320
7251
82092
94639
97039
17620
26320
97259
97114
37058
56697
57103
82285
92255
12399
77787
5657
96594
42711
32905
81093
15530
20246
65216
84799
836
86797
7138
28614
88470
74773
33295
51338
27254
67216
4781
35865
14860
36596
4565
36734
81722
68541
94105
21122
48373
35857
6485
94916
27632
70424
94087
43390
31019
68118
79790
87005
16876
9840
96203
30822
19183
68646
8645
62285
23403
5766
55032
25039
7619
41923
90797
59998
38146
96171
99371
46988
26141
44094
36426
64979
80312
12221
983
18046
80685
89904
20319
59135
87425
17776
18989
5020
40393
73742
17552
13076
59897
31820
97719
42608
80824
81446
87298
85708
79627
34089
5244
34848
68746
32803
60865
72781
73414
31225
50510
6963
67664
90598
81599
33498
85447
95896
37613
89842
22935
85778
19606
64404
78619
86296
87090
94320
46375
93818
84154
98866
24922
15274
38419
46597
84661
85470
90389
54623
56911
46207
31606
9168
23233
10590
45412
69298
50221
64221
57160
84928
43833
97455
62774
93848
14483
40840
56228
82450
45712
66544
26406
79595
47071
51643
82040
52390
52180
35003
48837
99976
5508
82990
32932
76727
54172
10439
41171
68030
40884
17793
44099
82154
36658
99226
55034
27466
52500
44570
32114
43821
29242
7940
8911
90366
19802
52010
62097
71589
28549
93022
17119
15219
15385
57184
79420
60842
64523
86047
39677
4045
99668
88198
41567
27920
22446
44252
42937
47844
96609
54574
99890
7610
2889
5016
70734
97567
74079
42566
56926
2162
48341
69582
39481
47862
675
28881
66770
79474
19806
94191
62942
66453
4894
28069
44153
41044
66373
80991
67921
75549
9074
14253
74980
73975
93131
9509
12330
10369
86449
81852
86762
21958
29122
37515
55704
30087
48717
93704
27245
93564
77481
63462
28039
2418
91631
33438
2717
74819
60863
29691
31195
93088
74645
81376
93088
34088
94601
65506
54730
91165
16551
56401
93025
37953
7430
40985
37331
67378
72365
14067
92327
72668
53746
74356
98067
45611
86214
72563
82343
59694
6793
37511
49506
56758
50658
93674
47312
47745
44427
21617
35485
83210
38975
36080
77014
21081
70436
90086
94987
50647
96106
35338
2455
46797
37364
58527
39342
290
83308
47477
47874
22038
83163
95036
84372
79040
6896
36267
87295
13756
93672
89586
22952
50748
78581
9117
33694
17667
97341
76987
75174
96128
77575
31696
63587
71455
35056
2710
19395
92130
54332
47023
64437
96949
73743
13447
48
43938
51707
97973
14185
34170
2791
81232
56974
6521
12387
51706
68215
28247
24834
21676
2948
6321
72302
51745
44463
51467
31449
12918
43985
4187
16873
95164
59424
46650
25149
26002
77005
65134
9070
89755
65959
99368
62802
41005
93337
96343
74722
57067
59068
83349
34494
91148
67297
32656
44075
58117
24648
21998
68984
48580
12489
38789
53989
9999
17298
7627
21809
10324
81372
86384
74700
3082
19177
35078
55716
3580
43518
31297
58408
48120
76745
74382
53849
60635
69692
25724
27868
26768
2575
67031
1354
55008
96150
60490
77266
27171
45379
52804
23708
85710
74534
64398
75694
72684
8649
31413
71971
32219
76939
40496
14599
93350
63589
20865
71834
38106
84939
93353
40307
91573
79759
95041
7749
14341
85030
19693
6932
58687
57811
28546
58201
90714
7589
72697
73585
12348
98688
81165
51987
38280
53752
95648
49828
62079
52433
8004
91419
75286
88656
39161
42231
52025
12498
32135
5952
79493
56649
61354
87653
88956
24482
13285
74407
48394
82295
23885
85761
90891
47279
59486
39418
3774
41367
2027
37821
84110
45213
45670
61908
77027
28273
31645
70030
18651
86315
6176
78217
75454
66745
94092
55699
37334
93512
63031
13799
40468
21241
1435
79784
28548
22242
528
28007
29170
99742
38457
10659
10471
94313
21842
34280
10979
99446
10626
60683
92836
43254
55757
62079
76119
45668
10308
24147
53186
3788
2085
10262
78336
88228
97353
62869
43778
65885
33360
54786
27746
3639
40861
18908
47858
95517
67746
81140
44904
59812
44720
37888
82886
2348
20962
97213
65484
39356
3665
82880
11934
76380
74820
25383
97658
28196
32322
22242
96960
58972
90502
45094
66086
55839
32937
89198
2394
36849
14221
80602
77921
29167
79243
93374
59067
64197
27375
75988
67266
140
97385
4423
62220
50480
42852
51365
28818
15479
21250
19662
63195
45505
84180
85931
69310
99626
71801
27047
69410
31764
94820
28635
25135
23063
4959
82767
97137
81446
66315
33462
821
56334
54975
96821
61586
86079
82873
15606
12988
81572
60380
86915
15599
94559
17407
32417
44986
93311
24064
59441
92395
328
6579
35503
5319
68751
79287
39158
45522
60085
54227
47371
49163
87788
18841
6862
90529
87359
24345
83230
16754
56195
14060
87838
71383
7906
13036
30576
5657
72541
37781
3827
57382
6874
41066
494
49755
19473
91502
92835
6793
43716
70084
52902
27345
13010
37752
27811
75718
10545
41887
57627
68966
40834
42688
36201
86267
18740
64119
97413
55715
48711
33501
72980
22304
50401
89988
42289
46723
18348
57106
71057
95857
31510
76437
73037
86110
61158
60493
58374
70154
85225
54858
95111
30655
80154
34860
16549
64186
4866
14226
31016
55353
94089
37121
58081
10215
97104
30598
76943
23021
95462
81088
57370
53438
70830
61770
37457
64396
69650
50090
25110
58247
5745
27259
70489
93853
38389
42326
42150
15542
73440
78103
41857
4123
26091
15704
1769
94388
18356
62823
89006
30560
83550
35353
74691
4138
97488
41674
59825
18384
97402
52152
94535
54775
89115
72768
49609
66830
66631
64228
71826
54779
88448
61402
49581
17359
39231
53247
27348
55126
60002
43069
46040
6828
61083
94550
74697
70391
52568
66352
96365
96715
82501
23767
18140
21288
83567
87082
15008
53322
66095
34939
27757
54128
90997
34228
42112
22148
85772
57332
64907
44241
14326
4699
58382
54334
6112
87708
93691
94564
98071
79217
14262
280
67863
75110
72277
64681
43262
28293
33791
52149
38240
74025
89031
25064
15312
91912
15831
26856
52439
52549
84619
95235
1446
52125
82389
77802
65384
63806
15176
95859
93390
20443
55250
86877
20677
27478
86264
15887
61950
77430
78886
57480
23541
12758
6001
40301
15667
33319
39022
14200
71877
66836
42125
45523
94598
19027
98834
15739
92721
94475
99297
79456
13117
37932
58759
17797
18775
2154
4387
87833
5649
99944
64905
75009
73663
27139
71694
88687
46124
42089
62136
32066
24784
977
23982
26554
78317
9728
92279
1650
28644
70525
23165
67475
78132
99429
44363
85609
53999
88203
21526
13513
28932
51189
8551
71933
1931
67116
71860
67459
47332
10148
69615
50633
32339
67231
54673
12140
13950
32205
39480
9048
9874
2738
59190
35123
76779
97430
96876
74234
82776
86085
34688
57921
20563
48623
3135
73595
92425
52048
24623
11202
37867
24821
54318
18496
911
72532
35136
10902
44756
32223
71660
21795
48724
12479
3640
26195
91998
73428
95154
4501
70239
97626
84683
61247
75459
11695
30070
83716
64097
81078
19714
61901
7582
28278
71180
85053
48419
40694
34213
4247
62294
85975
29478
50553
14426
12893
9197
8085
44984
76939
81596
18998
56894
20123
40962
40241
40138
93070
43036
89216
42463
51419
46804
63677
12510
9759
14213
20446
41298
18586
77775
51304
39216
90908
42206
84264
68148
34131
46822
62567
2498
21986
38733
87157
99481
717
5008
87459
87316
30940
44916
55348
97658
44996
61784
10875
39172
65800
38044
4667
98680
88751
66786
26398
99164
30293
79782
65985
77916
56698
72092
6007
46249
80469
86719
20477
12687
59646
64195
11793
4752
26753
33130
10359
73670
22427
53646
94219
29125
31332
45093
2349
96087
42155
63886
13747
55200
12335
87993
69189
20934
39022
9544
30619
58847
38909
9100
17189
58277
41307
98188
79525
1605
26251
99915
71927
55621
56428
52728
76737
76646
85563
36861
46585
11605
69744
9920
4094
16583
72972
65277
352
71652
95006
90859
65729
17210
2511
51511
34761
13328
36458
35942
87817
33143
65567
744
69837
42240
91959
58125
98771
59607
11257
92542
35371
2161
62959
19014
89103
28990
5006
606
85304
76030
97836
7874
6599
35391
34187
54717
53110
4917
17968
63409
40189
49621
49044
13442
46038
69000
40083
61854
24624
14848
66505
40745
60396
2464
55489
63568
54251
83497
62408
5772
8323
35852
50637
11788
35307
57694
94144
34446
8054
37242
5015
93855
41640
47847
52354
85749
53117
49517
72975
20103
88906
43152
75982
70457
9525
57092
47477
4136
79902
70618
467
69613
42508
12196
55087
4338
98983
37256
78135
88344
74856
5638
53801
87381
9833
72649
99105
12550
50109
69739
10452
4734
10523
42305
16865
65171
59870
80180
2263
78214
10217
90009
54543
37435
36775
35402
51347
29444
92760
48016
86765
15861
71382
84630
45247
83269
89351
88600
60624
36875
57986
34928
54026
10163
60167
95733
59091
203
95330
89915
44468
18804
34993
99920
78127
84846
51094
16366
50606
74431
21302
69662
19789
2094
82973
94590
33351
25892
97058
33596
75820
71269
19556
65388
20228
75289
35983
44380
77268
41042
76311
51144
34113
2845
3549
67962
80867
71461
6503
60400
32176
72985
37995
86193
15573
88324
15139
51933
27190
65576
62382
33199
3145
61735
14096
73199
99248
69605
79692
2839
48864
6714
39097
9565
98119
70157
35549
16945
98544
15011
13723
61889
19389
36658
1421
2835
33274
33362
49815
31904
60150
84050
17191
11692
78659
43112
48000
72377
88748
30350
68714
11263
91769
3665
11537
25462
33889
28431
88073
45415
52775
98194
53388
12179
51854
494
13811
66486
60314
11262
39925
65886
19790
47789
42688
64814
89523
27405
30906
55008
22158
63172
28196
68195
46297
2461
70120
15724
25122
75958
68945
4844
45288
4401
79128
61956
30662
5012
59838
78166
29301
81513
12063
77487
90424
2828
91472
43980
60977
46722
35939
6484
97525
33066
23258
89603
69998
85193
65881
49393
30373
98087
41364
84356
42316
35082
20598
15390
68661
80731
34153
84511
67566
52739
25707
40644
51109
50709
77770
43469
10988
26141
54747
78400
40020
62461
7319
12223
81143
89524
91958
45468
39131
10446
47793
31214
40150
27707
35171
55343
82230
76083
75319
80245
12570
51428
38917
44786
7359
82613
38495
19289
7423
22413
38405
4233
43340
62964
44336
79854
27763
8376
34247
79136
88773
88684
45380
57121
4946
94493
495
23402
15539
22428
61239
34905
50821
74501
65830
88592
23545
62533
4865
98529
51030
72669
38046
16718
72040
43561
87873
77185
83371
55316
27580
73854
41837
96182
91472
23886
6048
81796
39840
12865
82118
15094
3751
84995
61173
3501
53411
68839
97134
55744
56310
65230
3511
35717
28107
16104
50638
28663
85081
61384
6620
23310
40031
60222
94847
87384
93068
54639
83029
41944
82544
41748
22693
91999
16411
35936
68918
53051
55544
68540
90150
19035
80051
27627
99006
62350
70344
6121
68076
75368
73247
77385
96715
78455
6246
58809
75062
43529
90147
73789
10432
98772
85809
55190
73199
14562
42537
11512
19306
92170
47186
97587
73118
16541
71234
87585
43259
12404
61216
32498
17041
86948
86563
7661
68697
5160
45033
44238
85754
57602
60874
25389
62904
81755
58108
91378
33225
24861
54427
84444
19813
58833
86814
75905
28182
75660
4267
80174
7222
18660
15551
62659
82313
57649
56749
23484
12210
78149
86493
68040
69529
98299
25757
61704
31297
21797
34684
91363
58432
79855
54360
18398
57976
76772
12686
58208
134
10658
79478
93037
893
64858
37016
67094
42051
98214
43076
5255
25007
34625
79169
55076
38368
86387
14915
21513
33076
25111
44608
6386
40976
12904
21742
27366
64300
97153
4683
5542
44963
98541
23350
1552
98670
93456
67147
4671
61284
58662
19653
33082
78721
29429
66357
23808
686
99283
80030
71589
61857
91173
25132
75023
66049
73093
52061
87989
43117
9650
2795
44898
93532
37535
60292
26466
11275
77618
56406
44912
19240
10244
60228
74413
5458
11527
27665
11547
46547
97933
26680
65016
17123
33093
43684
53789
73409
48327
35502
25577
41395
79158
61554
51634
55868
74755
39550
41187
69137
39892
12534
23068
42878
35119
52350
51613
30945
50719
69565
54523
45429
40514
41443
45183
82969
37778
27775
60439
93850
6503
53056
62947
42116
30829
3517
40082
48690
8595
18545
30702
71976
86477
42410
6655
85400
3613
22139
82004
80743
92071
22845
22691
78762
80979
80147
881
37715
16372
68664
18091
46981
79110
47336
62635
86835
49586
80952
12049
31602
12269
2924
22351
32174
38863
82547
58951
98104
34788
59782
79357
15639
45770
79696
1779
83657
30366
84185
61137
50682
2637
2367
32319
39930
454
83721
92865
39141
79775
19820
35815
22660
10090
50403
68475
89148
495
90516
39900
98431
21196
2777
2927
56589
89307
2452
1211
99414
45558
78977
56470
65401
19816
61367
28966
9902
70605
82420
31720
55141
89681
19810
18329
14969
23968
56698
5549
95367
11221
12631
83163
39850
44286
62705
29486
99860
99440
75729
50623
98002
82510
93451
93583
799
63350
70413
2845
48723
21438
58574
18544
18074
58796
84758
8751
1387
84447
87958
32622
32609
96902
5844
88193
32927
95813
16620
21115
57110
31881
29105
10462
94875
31797
33718
72631
96230
26226
17531
51619
53554
53854
56826
73930
52647
94087
65089
81053
59528
53954
28100
15414
11482
43108
18014
1100
76666
5258
60657
4985
46730
49298
45734
16842
92332
48112
23668
86276
25079
12127
12521
75160
66916
36339
79067
78755
40077
31914
35546
38839
30724
35567
61587
3157
3782
13692
98979
51768
13783
32619
95964
90972
65569
12546
4890
4256
8121
39984
81598
4536
70420
78812
55975
47401
41434
52939
48497
75143
64040
39259
61022
44753
69712
21819
74261
11163
87711
42577
13061
78640
49133
71899
72493
92460
16163
21548
9591
54370
31450
74812
70635
94
50316
31011
68419
51911
79592
14187
61722
50842
65195
23837
87728
74524
71596
51212
21261
43751
38285
93726
16545
65543
26924
2958
55402
98520
6320
63515
31239
19886
43348
94127
43693
89228
68624
60929
94437
38701
53399
22350
31571
73525
80855
62218
13446
25297
84171
97969
20865
64951
288
65840
16085
37723
58267
5092
73170
47358
75608
69899
45592
16078
82947
41836
7494
71067
80143
98499
5901
10667
56774
82559
90351
15936
62156
43020
84687
64705
89512
30106
14349
8350
42650
66288
19599
77508
78042
5970
30961
63532
87759
47080
63092
83500
76757
15493
90577
39019
54724
42378
45153
85672
92069
10198
8177
17728
75489
150
75567
15248
20405
8465
57845
45503
55550
37243
73427
16660
22238
29986
93024
74174
67539
42368
22908
9695
19468
6852
39178
46664
52442
45669
9982
47135
84953
28677
16281
32453
58112
1871
2020
77893
30403
15714
43128
79294
89234
17590
27950
39515
42066
73918
16782
24738
49353
70978
18133
49701
87290
98481
98260
68637
60971
28904
62805
74736
98483
10711
60549
26874
20962
40975
58548
20367
27967
15132
43771
51825
99240
43613
20460
1879
78901
99662
4598
78524
28887
85243
97781
13975
10544
66579
45162
59630
3611
33382
16922
1500
52908
68392
80811
78524
57040
1077
18553
1092
15370
96414
96771
34222
27207
66307
50461
43678
78022
96381
89736
61309
24306
84280
45849
13241
12929
46574
16331
54383
95812
98918
16757
94585
98209
42272
98917
30849
62801
41936
44838
77825
81109
3507
63154
32473
88471
63560
86768
44236
16118
1485
81608
7229
43645
55613
77194
68627
22544
67571
65596
10466
84746
64170
5279
16452
79658
2187
36012
84935
67390
19613
80876
36087
51544
11912
80199
20799
21126
13376
24769
49368
59806
72094
38265
94327
17310
9528
50940
42597
65078
30290
8305
95230
76339
34373
93079
16940
98227
46703
52815
86285
27549
1833
76845
96505
20608
45522
55685
31734
75413
56395
47502
9168
42803
16229
50659
12652
25905
10952
99141
70130
51246
93414
19857
37101
11308
85646
59747
17171
18832
63260
22571
74423
60561
38483
21819
57974
95248
41760
73720
71788
53843
19206
67183
8683
82788
99137
52427
60110
83714
80427
91034
87276
47561
82685
35040
34135
81975
39745
85197
34961
85774
38515
12902
12154
33825
73078
48607
4320
94410
92685
17403
84144
37232
27354
16288
32040
26231
11175
54312
12170
33219
99636
33457
38405
72225
35294
26863
77875
3444
87684
75998
55503
56562
38759
86014
15329
6305
55030
74857
9711
50531
48108
65700
91028
63024
6891
50045
20207
66398
3000
7904
70801
85433
73027
1742
86137
5058
74497
39929
98530
46215
70731
876
6726
16687
61900
27583
98472
41339
960
25736
71201
36317
44602
61639
85111
33937
42428
75380
65335
85249
6656
11478
445
79781
5198
70070
83534
37017
99877
10271
31807
15102
76326
63495
79799
47233
58975
74341
1125
79307
51572
78868
65439
77263
36703
34484
40831
11388
16631
52201
62630
99116
74593
13282
39559
59254
432
26945
11490
91829
44048
61455
41462
90688
93928
56099
59990
81106
81840
37879
74962
68086
74256
86027
33677
27788
46039
23181
43079
70713
29240
72147
20387
47677
47641
32691
40508
63045
23937
20546
46801
32030
62851
9296
35260
90116
37406
74750
83335
80603
74493
59724
29548
78752
77238
94543
24860
88566
79605
11771
13215
77251
83866
40777
62589
71901
41069
93785
43048
61238
15591
96945
57170
61295
91077
42932
5235
64961
50767
43560
90381
71289
39846
62475
96219
69515
42599
41635
70438
53097
7831
51942
83439
12166
7331
69550
48163
22075
46706
63359
49048
43621
31703
22098
65012
77547
2555
68252
87674
34307
89308
59899
37799
36045
21390
41926
37406
21391
44557
93074
29302
99434
23348
89950
53407
63649
13506
45004
53965
21528
94768
83160
18255
87408
94511
46760
39586
17748
97463
18672
66961
74347
53960
36131
63789
47932
14143
47395
90776
65404
32145
26772
77517
53632
34058
49614
20274
41752
68690
1364
64042
57550
14288
66147
39538
6149
41644
50391
41533
74629
2340
19658
23928
25885
26113
54954
45475
87216
26162
5476
49506
66111
54228
88560
89382
67997
5643
64623
53351
44898
26487
97834
49058
96099
54630
9411
60059
87812
96593
57641
6288
63752
5862
16148
63065
12488
2845
51633
27519
79103
4139
33058
15591
63215
51857
97930
3323
25728
76765
71541
506
77021
97040
96635
48142
4506
70599
27828
71254
16702
94894
57662
90622
68520
99187
85753
60250
38081
25496
76895
65152
54009
37104
74247
40759
93429
82243
85842
44243
56700
6089
34332
11048
25053
57135
29267
66712
9227
68005
58559
41888
75016
80378
10817
84208
46477
42435
47070
64028
66104
37681
65242
232
99869
6389
46496
39917
22793
55876
54713
22262
84757
83585
14555
10614
60563
46615
65569
11386
69920
19041
51024
70075
66936
35008
90136
73631
26288
90039
94282
50994
35174
21815
78139
19019
40847
34100
11178
18665
10639
89350
43920
53350
13293
36298
57131
91430
65824
204
23646
99861
76865
35685
94107
47063
86657
95166
33296
64862
16252
72865
13630
32753
61593
3719
87088
62942
5447
95535
69766
26463
35437
46905
747
80570
75121
97673
56783
30638
77877
98706
7808
26084
66394
94420
74128
99488
27707
31077
32362
45681
805
46316
2413
37774
75721
11167
91756
9574
49210
94188
85984
70288
30438
97183
64425
29961
34938
13538
71941
88983
38384
2658
86985
17546
65058
87546
66359
67173
29591
87599
35236
74370
63174
24086
25658
89120
44492
62973
4850
63954
5917
47209
81428
83688
12722
37519
95645
69210
29995
44168
64551
14169
59135
43378
7297
98146
59331
84867
72715
88174
44808
24584
79983
61610
58952
11614
7115
6353
71525
75304
85468
71964
8689
7988
83067
91174
21230
3297
4824
27539
91900
97148
37178
85422
23048
21067
15235
19796
16789
27512
29790
59625
90258
16675
19147
81332
67226
19819
24737
1108
30405
89293
97685
54691
58699
92587
5481
51148
60311
16122
76917
56035
80043
45176
96274
47659
87406
94560
38563
37886
96379
87318
89563
44013
45515
25844
81705
92013
88841
1735
23949
1411
78560
3716
97134
2607
99463
82487
26724
30461
15586
64087
59485
668
50595
73754
79581
45082
20400
71487
93926
72666
81256
86850
4729
43086
99730
53672
9176
32855
10882
13467
62307
58576
92173
75506
77475
76327
48042
93667
48196
4919
67836
8103
22300
32293
27834
88896
93418
71760
46263
36624
71614
17354
7808
51283
20155
91709
98987
54049
2877
45791
73311
93869
19579
2120
1780
909
8495
75088
96279
3254
97040
26732
23291
89008
4830
73154
64551
72436
15252
10834
60254
37416
86591
74258
41853
44953
50768
40890
55351
85766
77340
93992
90791
2406
31608
73967
88523
20181
30513
26925
80402
18330
75480
43009
39584
44882
94063
18800
46453
47001
27158
26551
38797
92042
85536
35896
7278
45321
60266
56827
50141
67604
19738
10514
25914
3048
35941
20885
57400
30863
84630
44371
41924
88326
30432
41924
61935
43582
34674
96970
50889
31968
94437
8350
58608
50789
55196
98748
16869
95712
66690
43203
59914
73685
76784
12798
98591
64967
17096
36536
8941
73178
61400
15591
62371
82787
84627
50470
61611
43613
73960
63695
10647
63295
5938
18173
73167
11388
51906
75124
47852
37193
4017
61688
64173
41427
84456
68238
11543
17635
43332
96967
26487
98138
88030
77711
70568
78846
45979
75820
66161
4726
37137
73256
21752
2995
32557
96618
67747
58611
39631
87204
13062
41972
Maximum: 99977
Minimum: 10
Average: 49794,3704
