1893
58277
35403
1360
57270
60583
67946
41605
46186
70506
43906
73624
61909
61553
89907
62714
5708
35464
1785
90821
38994
64894
29703
46424
78166
55242
91398
62177
88882
72129
2923
16952
28573
64039
9964
53030
47371
74106
30966
67272
30728
76882
85228
19986
90644
74153
41626
98324
42412
49773
42333
69797
87693
44433
99732
36999
28575
88979
23193
2029
69185
5770
52722
74056
67583
26954
45051
97870
51589
36877
15343
31602
4499
34513
60094
62111
79665
9717
55779
4014
13616
93073
19765
39109
29797
33126
29259
84140
64307
72964
24456
58392
50914
28938
98087
24958
24160
11172
52402
63690
29102
43756
46735
5535
34430
10731
65298
53181
84339
37621
57333
18858
33200
19179
88412
76111
86004
13614
44260
34457
97695
60911
33564
78624
12422
56951
80688
75561
36425
35136
37952
68494
57315
92088
74912
69859
46338
14230
4679
19066
67827
76078
99801
26686
15632
5599
25192
31735
40525
21976
38953
10547
66911
17945
65995
68190
10193
68111
93113
77479
30043
89737
16756
49203
99669
88839
61542
41112
44266
18554
29773
71775
8935
25194
66630
21617
61110
6878
62993
6824
31760
48953
35036
14450
96182
27405
1583
39370
26093
6722
59667
78227
21117
27200
89022
78089
59323
50598
27017
26792
44056
84079
87469
21971
92202
67178
1613
41718
51315
44379
7081
3315
5118
86290
45720
81090
54701
2306
53020
72264
87256
22172
15020
37544
58886
51545
50659
81735
36171
88540
62294
10512
79860
36201
62767
47680
61483
13065
22247
29005
25793
59865
88055
81714
99641
56352
73110
34826
81480
7933
23388
57017
97577
54753
39536
21884
69060
49925
63085
40657
16520
19877
5547
62774
82084
96569
23454
68917
23523
98039
19607
41637
80059
24016
46471
27392
34117
33305
37903
2535
78435
15833
255
28239
65152
5277
12934
25108
96665
40883
78619
11559
49980
81589
12485
5917
54318
25281
99629
3072
32898
4194
11303
83440
88326
81751
76958
73562
8283
12144
87767
35755
12023
60550
62222
687
19622
77308
97622
76808
83635
98346
72251
82640
19421
8049
91656
98469
11531
40555
73073
8836
33676
34831
69637
74242
4530
16815
39913
83400
28319
39372
16825
84521
53116
42864
99536
89430
19368
11798
86294
77010
27659
22822
19437
34551
31942
28663
64019
80277
90095
78489
62031
67728
39070
78932
2080
77191
90913
87979
96157
2808
37395
14222
48489
44264
81521
87729
29525
76556
8513
2226
79101
99733
54261
96062
81177
10855
15395
35086
42301
75867
52795
59635
93305
49830
77341
49097
45452
74184
40784
22345
98517
31388
15641
83486
39616
13438
74332
75172
53030
44212
99138
87463
71765
87869
99387
62297
13468
43007
97754
91225
61796
55828
45679
20291
50012
77760
20917
98659
66922
32424
42278
55341
35772
86167
3709
47714
84092
70774
56447
67739
36522
40222
82056
98088
76728
65332
87870
5436
50442
15044
35630
2445
76429
49559
60549
42689
85708
95349
33475
61855
92521
75672
8251
20606
1935
43797
51691
85597
84161
51674
78204
42693
86560
30016
54703
21574
73771
47591
43562
84680
89890
15481
48217
51879
96794
39834
78912
86213
25619
61019
62005
88743
37300
94591
75218
60850
31972
61450
96154
32931
13641
2273
21275
98768
36839
92936
15885
46413
94855
38975
68918
38118
51788
48795
71965
77040
27455
56372
23811
62100
64885
65478
59979
23142
89669
89461
5394
91968
54797
93853
89602
12321
51436
10631
71039
87618
94206
49449
15040
3858
23949
32499
91357
86644
92101
23887
36955
88504
22627
98178
33395
75600
37639
34054
68046
48163
42293
98132
9100
47377
87543
23917
91616
1002
49372
56597
86681
41157
77755
84347
82833
78006
41332
19954
38152
32387
74120
73335
31040
65782
52506
16889
69341
56619
60459
14003
74682
17383
42585
22876
45325
96074
40349
67662
16315
33
40883
90356
37272
35505
37206
95798
10749
38280
15345
55388
34268
17686
95902
35659
74043
68958
67092
43317
94870
70654
54575
34997
40542
35370
81915
69299
98571
54880
39022
86759
37658
73669
3640
38119
91504
83763
36063
95535
28577
56708
6141
31062
41275
5072
79734
56996
21481
6926
48833
76367
28982
97031
72792
45661
45458
5886
49814
1903
53590
67907
97226
55869
99257
28585
17731
60599
14047
57784
44155
90279
32895
71557
14741
38163
64514
23513
93722
35471
55636
24919
47818
91646
6047
62655
57778
40626
878
57979
92660
85618
33950
34161
41945
60670
59481
50271
31805
12691
87340
19135
42950
63696
62770
58554
43472
57424
82291
34629
81146
21946
12164
14343
46266
28671
20089
5581
49823
36602
70806
77105
59721
56068
65123
58537
56329
98734
29612
54070
78681
14243
91707
81031
48130
36501
81969
84121
28876
47492
19184
354
58334
66248
76832
70715
73454
19607
87894
13274
40582
53901
449
95203
41884
10236
59413
86881
98573
4234
2225
44737
27812
28221
55947
66903
30238
31132
66213
9766
46702
35967
76705
2331
17418
70452
18771
93473
79236
94407
85082
36723
10841
16339
13489
24781
13795
96504
39148
37894
77087
95087
85548
24642
45268
74446
72542
30114
10301
9929
40478
42322
53394
78128
66572
4616
77195
98117
77785
71431
91465
65940
7646
4166
19151
65502
33897
11474
14732
31167
53108
33733
91983
28319
32679
51614
50418
52063
57063
42972
97910
88657
83172
69307
53930
42761
83329
32712
49766
8874
47586
15678
18719
67717
46429
11147
87442
81382
5492
79765
40549
61068
15382
79134
56820
6745
50338
25075
45450
14959
54197
25133
41055
34814
73520
2809
82768
38339
50236
76390
82173
1186
61707
5859
83581
37431
15015
24267
81889
21532
64172
69035
46572
77297
2423
36842
73275
4038
12487
47185
92422
58254
87261
34808
54676
22453
74622
83904
94196
43620
28378
49104
31147
29102
97592
39364
99360
9523
95553
19389
91730
26072
43185
23919
50786
85161
78561
63758
32392
36678
29533
78731
25852
3051
83968
23920
13925
26900
51182
61128
62809
31110
30070
38270
93153
15068
37889
17470
79704
63059
37482
63752
8484
93097
55455
66350
15069
63343
84021
69515
43892
10865
51513
57518
14088
49647
23253
28096
45133
73673
25439
72461
58341
34426
56580
60621
96001
4916
30765
35719
47273
61091
84053
69333
99196
65781
70247
32754
47596
17618
8851
50582
42878
81667
17236
51944
79596
72552
24183
43506
91815
9793
72336
6032
37620
65020
5412
74058
36518
94834
70349
10153
32578
48303
22243
82801
26812
82180
58321
48306
79400
90498
80500
27516
64822
74857
29583
76674
17191
4637
81024
23450
80733
87259
43903
37480
88754
78021
31713
34177
60369
96188
96236
52762
47269
98698
18005
94574
59425
34434
25133
97416
14231
75876
64106
1317
29292
44821
41210
62763
35437
28738
56868
31881
13810
46900
29419
45319
4401
84762
94047
48790
50467
24145
87937
83211
94262
27739
80247
66123
56853
35008
17249
82756
79504
83608
9219
4858
23153
42586
8188
43933
36812
68950
98739
31632
39321
64355
38952
370
69280
72686
90174
74662
40387
76342
46949
90086
87938
80894
7055
1554
64574
75086
5911
429
11489
74111
52377
30202
37681
24561
22166
61815
76574
50114
11978
81516
25406
56306
43890
29908
88786
79877
96843
84167
44834
42587
42369
3162
36659
19133
16919
42258
35532
6635
79359
61726
63040
98310
20143
65210
11978
8751
62688
44719
50520
28360
98087
90273
64364
65432
64680
31633
37005
77146
12767
84696
78242
21743
55595
68902
31742
49216
93543
18548
7643
79907
26283
69939
70754
50252
18477
27095
36163
78680
17930
80036
17190
52125
33647
16475
44499
52096
38797
71226
54452
85286
5254
58385
93868
94663
83484
41297
42716
51241
33468
62762
15207
44141
37076
70613
2077
28148
19519
14113
46956
37586
95469
58324
59217
32730
67507
26117
88096
39121
24403
79645
10419
22317
64095
22356
74653
67898
76071
76091
66768
77179
84379
84922
45213
55167
64829
73048
15049
63034
14398
16351
32578
24684
24270
16867
89817
46929
99167
61139
27157
57367
53201
3595
26839
53822
52344
92889
80045
14721
95959
34179
52077
43428
47345
69776
53206
10548
13112
4051
67900
94458
11068
25063
24723
8052
47068
85734
98047
47229
32539
27724
68730
14933
48934
9401
23979
80784
58084
91390
2824
71940
93003
329
67074
80218
64274
89150
77339
54493
63661
79269
33818
95117
93238
32699
46299
28138
78872
18787
6754
66609
94842
32817
82182
68235
65449
37144
94493
37944
45798
72422
52464
21721
1228
95960
1456
10740
57988
44504
43778
57918
8396
43554
83568
53269
93906
73612
21694
16236
63102
95840
1913
39297
84637
36214
77097
60186
18146
98839
14770
27130
94656
39396
8696
91239
26806
12098
93890
97278
31244
35559
70150
34368
75009
48836
58214
51289
49249
28913
74329
91836
15451
78257
74842
49957
70509
13167
37084
65013
18863
41269
92593
59149
29735
16648
63261
69000
34858
92329
26463
81809
79721
24416
84992
27543
25691
67544
64288
35801
78000
25809
10938
89232
24510
22933
11680
16399
64553
58739
20730
13640
75013
28878
78415
89974
42965
11001
4633
58362
85574
89213
16432
56920
2451
92520
12116
91034
93265
47299
24266
2965
48879
1283
87012
93054
30331
3361
34639
6803
4969
46863
4447
76118
71599
12824
6796
50844
46001
95017
84577
14691
62911
5927
50227
88786
9377
54018
86782
31990
10818
20645
23134
17255
34474
17765
64760
73731
41865
85360
59644
39605
76361
97830
53393
38712
84767
40313
85320
89627
85724
61271
45034
98247
62721
9575
40053
42953
51056
98225
83678
76312
16579
2649
95984
84323
23729
87191
41644
53835
48063
33065
8979
60640
35374
44973
38329
65081
52533
11515
4020
69064
68698
97155
46266
49546
75610
24887
54533
24899
77711
21808
22675
43640
1683
83331
23026
73713
1847
69069
14984
97575
98669
31485
41564
52660
52293
84394
62874
17749
71246
74972
90420
39542
94205
14614
7615
19424
56383
46439
8714
98842
32658
16745
76124
26256
10390
65339
58958
52042
21948
64616
63235
83463
96531
6444
70395
37213
55592
93606
97253
91216
62013
36785
53653
2739
31388
83133
49434
87068
75716
3603
17330
55407
60356
16142
64917
81924
55361
15309
42270
86953
25437
10832
95800
6631
11738
6957
43010
87762
44219
70402
63831
62777
49185
17498
36829
95873
63092
73385
94868
27257
15906
71889
76325
18345
47286
7828
23108
80390
41527
88471
81851
40284
51336
10300
65779
51181
40984
47022
91000
24431
40123
61672
42850
5315
39771
54553
6223
42858
79312
69044
18832
81975
20440
15014
71048
53547
34506
77456
59345
3911
83849
62620
46235
55748
88550
23548
11441
38885
51718
85648
54889
16070
82384
70437
87133
54233
29040
71011
78573
92732
1605
80249
1079
72482
69639
99875
19844
36323
39252
12233
16675
63528
87677
87090
40581
77503
15437
87101
16764
16223
43112
67338
91140
93663
14156
2763
99590
50002
27880
16815
24507
63495
98882
66612
2307
3600
61542
73753
86109
88675
3705
75118
99633
39485
68973
91360
28392
95294
29857
9631
38797
41938
54247
62351
49621
34267
89109
7415
58326
66876
285
69841
8443
22437
87725
53180
64645
21066
84783
36982
15961
41683
993
28089
12519
67994
67705
51655
24691
22795
74370
4297
20146
18250
78018
82568
9248
36532
16992
68039
14491
54128
15427
19233
88390
33864
66675
77196
51759
15794
26715
7327
10511
92875
93669
97113
40946
26159
49833
81626
66562
37455
82724
35532
92505
95988
49695
90193
44418
5158
43932
28114
4074
16745
22491
61833
26257
81759
39699
78654
1319
90508
99895
8897
96079
67044
93785
27271
24580
80905
41623
83088
86698
35365
1478
77035
71403
79895
26728
92401
84168
76482
32778
46602
71861
98601
3253
93766
70384
31837
70856
59186
86460
71178
80308
76053
37560
73827
39452
25461
2204
22424
65614
63513
63534
60844
41415
68709
15267
45456
90429
46361
55032
47297
94485
24837
57730
53293
37036
97478
63792
19
56887
92742
10049
82436
96628
15521
55057
25424
39476
97576
40444
1267
90197
61745
10868
69265
83067
11018
57186
34544
78500
24929
41408
24496
4155
39163
76692
55472
18324
84266
36791
41973
61669
2186
65537
72871
53464
81098
64215
25895
13653
89843
5980
92852
5918
53766
57099
32741
13969
88465
70225
26019
40293
29249
21519
31959
51335
85553
78282
57465
38828
99584
7100
55209
60785
98471
39597
88012
96207
37997
15801
1970
46802
31291
20891
88656
18949
48555
18578
50388
82064
43951
41504
29859
14042
10773
1680
32421
80666
33578
21537
67911
2817
6750
87066
14068
82743
50771
32068
7447
14169
69086
36534
75971
72664
68256
79216
9003
8358
32862
13010
2781
66975
27894
75401
94877
58081
77241
41168
50013
96791
7177
7346
62630
16460
47889
99152
40053
44225
6824
5914
68178
16487
11132
36219
12978
7418
65532
57194
45785
31556
92677
24063
47805
20568
18757
936
74922
31348
92189
55987
5502
9603
82054
10655
6993
61741
73903
59512
24775
69103
39164
64777
1535
26948
44832
86293
55844
91674
62424
87459
92548
20047
95382
18457
4115
83113
59541
42062
97703
46954
24231
8705
52035
50836
412
58575
34433
477
29226
51237
33514
6021
32420
76682
92392
27900
22529
20857
75736
32464
45092
83248
68923
4730
63439
85455
14221
63598
6541
23880
2200
31842
61808
77821
44873
30459
12743
50699
26537
86257
51861
55367
62448
11188
53946
86528
87627
18701
26064
76214
60584
38684
66326
65239
1862
40982
39782
47306
87397
14957
44354
70834
93936
5347
49037
1672
44212
54599
31809
61934
15158
71830
94320
89478
80603
89725
20800
57736
50784
76911
97828
95520
37534
30326
63296
63515
65516
96569
75959
3891
90677
65437
63301
11580
41903
81026
61430
57102
62151
52274
42316
33029
86891
64130
61057
88753
44364
76847
84636
12137
20183
82045
96521
10486
17129
48834
33300
63611
42050
85521
36156
47643
78639
27919
71257
49720
8529
82740
47576
99576
28295
63698
95584
98509
34595
64799
8629
73404
69268
74542
19152
88669
11933
63823
83708
8632
68915
52816
94451
93068
47726
97818
15052
76629
16119
94673
54389
58973
92872
11337
80225
61624
29272
85059
83841
56484
86461
98011
75891
52329
40205
59896
94342
67508
66370
47487
35710
14817
44210
62626
80805
55713
88288
54507
51851
30476
48646
18956
82391
39922
10411
49656
80531
57931
94317
57527
59398
26873
79981
27224
22170
70903
76925
42122
52863
87830
3476
47543
10260
68632
58963
39573
14763
30247
30532
24512
73335
74764
33209
53366
7839
67505
15621
35969
41919
90549
79364
36412
73191
8843
88088
8837
34836
16986
40456
9903
78788
46166
1644
64020
27000
1103
8696
13760
80958
70837
34893
50285
27400
69805
84192
84633
93664
26615
19386
54665
55283
40956
204
62314
8466
67064
74352
1417
80543
50127
4738
97777
89790
20629
45724
27169
73120
69188
26366
6736
58809
1861
55011
71081
55657
29080
9012
3387
24651
3456
15173
8221
97600
85791
54619
37833
45963
39330
55554
59935
26751
7280
33217
30832
66100
37116
60494
6771
24081
57023
11513
24476
250
12650
95855
53422
85945
29123
6657
79386
58053
70966
76765
77087
34954
96516
178
4000
66010
7892
81206
33791
13634
66430
79985
51530
68644
24179
4982
18542
68585
2241
79305
67628
91942
90696
7971
84950
89936
1198
51887
16841
32673
76168
1883
55785
30514
56129
95877
69583
36939
56494
40761
16189
75816
77722
10842
33819
32665
44325
84778
61766
24141
88115
10801
55812
91660
9138
85145
44258
88546
15227
14064
64812
56004
64366
1118
37466
64548
24201
21016
12516
28301
35398
81603
12092
61480
63116
91811
14220
79855
74151
52285
45611
16420
90121
92699
44557
65367
46070
64124
21377
70983
51620
81037
21712
42431
75948
60185
11451
76605
73376
69271
8465
23309
72263
33465
88743
6513
98709
94332
28544
17326
70925
64403
14395
62941
68452
48393
65882
71667
56560
72099
18478
60076
99639
41532
76681
54361
59891
69660
85531
2932
80361
37615
6479
4880
43821
22302
44156
56657
3956
38045
66657
51738
35581
4051
59
87217
66642
58770
73978
27556
94302
39784
20045
1278
50794
48389
23670
30732
56784
34383
46622
29050
8802
25612
36965
33310
57924
9515
19121
46151
4237
9226
67711
18516
5442
66739
24495
95589
41473
89463
87718
1122
95682
57976
8629
40577
17570
5202
54085
95431
98632
13425
99873
69573
91423
37608
42937
9969
67085
66748
29294
57127
39650
27828
23319
85076
72073
1530
95835
84055
23895
28081
89258
67320
46664
45501
33367
50826
16984
96387
15740
52722
55430
23689
47519
90811
9353
98137
27093
67833
23803
14526
28504
74724
60169
30591
61471
67855
34657
23553
68504
16041
9367
70030
71537
70551
24167
32553
22909
45923
4241
92111
92985
70698
51008
76572
1698
15961
80308
32507
75724
73935
74437
28003
60252
9369
99577
14534
7151
16074
84029
65512
16169
93430
27883
99699
43356
85399
52152
76967
66645
76800
75228
81170
63592
31692
21541
57805
23717
83597
28893
45511
87546
2150
47828
94569
41604
81364
9778
62169
70974
9634
25402
6836
61893
38729
75942
99554
42815
51309
33217
16299
63809
3342
65862
98923
98706
93267
64410
28561
87828
41772
90817
23554
87180
38518
77966
14019
45602
33314
58095
61991
75621
89982
5993
57012
51398
68393
19277
24864
55750
21986
14991
72407
50381
12595
81702
84204
36288
48904
95863
48337
16954
81217
74341
29203
18816
1849
19655
23376
60762
61923
53952
9502
93213
71225
40678
73826
97348
8851
47526
30313
73990
39546
72811
65842
26782
18411
73172
74586
56816
93761
77731
96697
37450
9759
45038
94403
15642
76790
38196
49549
48739
95901
64102
93826
68033
5489
79193
79155
71916
7876
86856
27438
1379
65550
74346
77408
8407
8499
2422
406
28676
45068
66559
67001
84192
57254
72051
83455
26188
46274
58185
20559
70655
97976
81574
78089
75444
78985
97808
21293
39217
94017
2670
48941
6906
50293
95319
71900
35413
67629
85997
7143
74369
37790
20874
3671
29342
97100
9634
10779
33437
95738
52968
25643
49690
66298
56783
3403
83975
96256
1964
29422
10691
81128
61188
34659
42398
17619
60096
33899
61935
152
48042
58558
60277
51043
46190
32865
77103
77904
48748
78343
69351
87030
87855
43479
41049
77027
99250
40607
93510
91917
87924
39156
65665
56575
96452
93240
76601
86214
61272
11724
37005
75734
48844
33286
47696
94410
65366
98647
20109
23918
26299
6072
47509
23621
60070
23660
93272
17710
93610
65371
18368
19489
40388
70018
12227
8887
92892
3702
54591
52949
56263
90888
16633
37025
41338
93616
38186
54570
95782
46638
11662
604
20499
69593
65618
81853
91647
42045
96504
72792
99967
58891
92604
95900
93355
17517
35346
78826
21059
38810
1519
61664
44056
67159
67654
35411
89438
10485
82282
66453
85474
38703
21927
46972
53710
17765
98989
70795
4400
30373
17240
50847
7198
81798
52982
97371
98284
20732
43669
23821
58271
59360
33512
56973
45120
49998
56547
53340
1939
30207
92414
81162
59762
30051
87318
61265
36965
45632
42191
75590
18528
64551
74426
90685
21571
50671
54467
62257
14178
70282
37127
68707
66815
58462
8183
26114
5191
64953
1852
3712
61218
45650
68856
74192
37958
36077
91085
77146
94480
91716
60407
52652
78540
68079
5294
93719
84934
42826
35403
94449
95531
94289
39163
31657
93080
23708
14348
1301
21868
61204
56074
72011
43781
38479
14373
72877
95695
234
52727
85494
59585
77320
67777
22461
9876
84475
90167
98736
53168
14464
41180
62365
29551
7403
8181
66928
6488
37200
81112
14251
21729
89784
55278
33277
35643
88396
8872
40061
53706
32416
98024
84700
90098
49909
34864
18211
26513
16702
21782
8606
33540
15612
48133
7405
20024
93709
42461
36378
30299
47444
66390
58496
19122
38477
63765
69800
22042
34500
86818
21479
75603
50107
45030
20752
16440
56480
72267
79642
72538
89970
40416
89785
15418
72506
80710
6118
41652
47874
13253
41934
45936
72493
9763
6262
66025
39529
65578
51621
86144
65064
96168
92012
29884
303
33002
83433
70581
27381
90965
63544
21442
62819
63840
40328
7029
76605
43078
46616
57766
57647
28148
74168
21247
44884
75543
3111
40344
38769
54726
76910
90901
20646
93497
7474
93801
48403
59901
15116
39504
97277
35537
14272
56909
49709
20492
83116
8653
69434
99233
89420
96451
18963
93855
28497
36916
22001
70766
84999
24759
29892
43089
31813
72654
14055
72642
797
69321
56367
46526
58626
16704
27962
7112
60489
22111
13877
17260
71537
24393
92426
94458
70910
39535
65306
80459
71939
26790
65001
70558
71801
77636
74901
90357
9613
54188
3724
41618
42854
77067
19695
13796
52286
22908
40607
72716
68489
11851
33366
6386
23040
4741
99228
60607
32332
35433
72179
92277
7349
33596
703
74006
4320
85808
74724
80989
41802
37604
97498
6302
18388
72259
74405
94470
4698
78631
42173
48002
98927
92589
11970
60088
93423
58616
47518
67061
78408
14295
58026
74179
82008
11446
34270
9259
76364
45688
9477
66477
48183
59618
30915
30886
14353
27065
87998
50781
30335
4759
55909
53701
93260
24177
93349
14759
21627
40615
80583
45704
38290
7664
2582
27508
79578
23319
24293
6942
37990
65147
18106
59009
69154
75695
99818
39310
61675
81084
45736
66359
70617
96737
36726
73649
58385
4326
80919
57831
18097
19511
87631
35750
65105
63773
28187
40520
57037
3407
51307
91033
2772
81057
12792
65187
86652
96899
84546
17565
24359
54040
53083
40542
94878
14224
75086
41553
70938
28932
69122
75253
42400
66462
88845
18479
77516
82356
93904
5382
47509
59299
82272
58268
29777
54702
63587
89560
83946
71538
86996
61485
19779
63354
33473
64056
66427
47090
40871
50881
88686
86633
69581
28105
34284
76054
48633
36310
92212
94312
87671
4297
2996
79164
70056
65059
71767
94814
10766
40176
50637
85525
57607
99399
41936
7638
55474
79046
32989
24789
52052
30426
41485
43023
16695
60875
89717
54167
23985
53723
6070
27277
97348
89633
83867
82700
58489
40614
93297
68413
92288
71612
36324
695
245
3162
29027
70182
86169
26647
20580
69587
3321
67423
42261
57245
62811
59973
62470
9182
75342
17601
70830
57042
34107
23360
88176
67973
15533
59236
49148
14860
85748
64576
32500
80439
94102
40791
42778
13534
31848
19536
67997
97338
33143
36482
23956
29926
47372
26622
19889
98515
78144
84116
93071
74688
782
79281
66587
76884
14985
61054
54649
26934
77498
5720
83838
38745
34924
61822
63143
22021
17195
48936
77333
55807
49603
73492
23900
97625
99403
58251
20601
88911
39347
50632
36716
1633
71505
57812
79657
14821
74203
65893
98549
70794
64886
41063
19840
27424
52643
85210
95001
85550
63478
97867
81321
29209
6783
37265
25085
27290
55382
68962
77480
56733
40453
65738
87587
26866
69004
82206
67240
77112
82164
48323
47818
51302
50386
6540
90920
8540
53652
96475
44982
14194
63250
35050
25433
41479
69311
7507
94849
34241
32727
52368
59438
5241
88413
41817
30341
99147
53476
92974
58420
70437
17971
17890
3387
15156
50050
30020
78822
244
46344
16546
73638
58906
23981
63287
93483
5403
40305
46108
57554
61497
87357
33000
44386
29797
88884
42577
62888
8570
76198
91772
55063
60677
38056
74545
96222
45360
31664
10278
91428
39292
28685
94605
87896
16181
78729
532
81260
25126
48334
24939
58842
7369
35420
96922
83080
84970
73504
73589
26272
7474
67131
70253
24046
54571
61482
12961
20851
49435
67065
48123
73739
30028
54679
18262
32813
92751
45103
28205
51067
88352
61316
37763
60236
51259
32931
47695
25258
41134
91465
11252
71855
58074
84006
83955
72161
58431
70560
33326
54699
65769
79681
31825
58061
211
51200
28814
52690
17158
64110
90328
39868
45300
22523
37919
46158
29368
10018
72786
21641
13788
87702
79716
57970
55813
76267
15665
46022
70723
46101
74381
22192
11777
73506
85297
8671
29491
79702
60025
60
4117
95005
8100
77023
1137
71384
26556
35552
46087
37798
42794
48414
97773
11686
40912
78066
99964
73855
2248
23943
35535
82791
81966
71057
89728
68137
28091
71794
37225
29248
16667
49665
49992
72727
17524
18782
79603
2694
56834
84429
49712
80112
99935
32926
3308
25968
24418
92
32594
7231
8707
55636
77455
36083
64524
21325
13040
37043
87294
32999
43293
54762
98326
16839
21132
93128
98421
25047
94161
22130
98463
97271
17021
17818
74231
55423
82856
49040
67750
63761
43720
28000
39200
29994
20542
61030
72210
13910
8203
96199
5743
42561
15399
23835
41136
94949
81786
83096
11795
10179
27546
99371
5930
10465
8768
11435
38615
59637
61852
9102
38468
63999
69292
23534
89279
15294
15563
68332
96297
60101
20919
84512
16845
97962
16387
55903
81873
93185
76682
79281
73637
99760
37246
57571
36216
44349
22070
28735
21227
9108
22416
12574
52057
99100
57731
41744
73268
91865
34556
25843
79387
13454
86799
51694
89260
43033
82526
7968
94078
52864
29562
45429
82955
82570
35465
38708
26754
11721
87317
44930
93223
86827
47106
87190
37685
8345
32455
17744
40231
74643
82634
90007
58630
50839
99894
60183
12962
85551
68311
93182
61822
14103
34657
68362
79545
76986
29619
69487
63636
19024
14990
61547
4548
89625
32620
92559
66348
99608
14009
80915
10579
64783
67736
19435
70230
39554
86799
32116
82676
75281
25747
41202
43409
94135
83108
79120
52171
78743
7645
60699
78726
62968
54107
21207
59654
21087
85460
69004
18220
7335
93835
13353
71543
87396
82603
97038
46366
15222
98132
39992
90186
97502
86810
88354
93277
73788
18138
10412
6518
53499
40388
87605
91964
53309
2189
47611
10676
46529
59781
49143
54093
17796
13897
75341
81446
12395
69658
56013
11532
86070
32754
36949
80610
67652
70513
81224
76157
65753
27930
85865
2949
75048
62487
64720
66947
6231
21388
18235
85207
34993
86362
99837
55441
48989
85898
72390
83605
11470
6909
80882
4130
62125
98879
20448
20746
3440
6995
24313
82796
20964
71453
44923
18599
73915
46194
79045
55309
49177
8395
75216
91006
51424
70805
76538
99707
32917
81508
31622
81753
98122
97618
64688
58844
47047
81736
40824
76168
42040
43975
63507
99236
97075
35438
64243
63540
41439
81238
81525
2795
6854
17082
34429
3075
31693
89875
52705
91319
22342
20740
87828
21931
75372
42559
84673
23345
6765
86078
71552
92178
5371
2877
13270
5202
44887
75979
93931
15987
6562
12999
58268
51679
99982
28827
74900
81040
63190
61614
27152
57171
29032
49504
53827
21300
56146
41577
23864
54516
50764
40899
56775
55361
9687
89347
97424
3978
3813
29227
58187
55713
95944
36719
84757
9343
62472
36150
21949
46546
67658
3634
60155
45151
58927
14381
63147
55866
49049
91970
49055
3311
52116
39416
65222
65663
56224
2908
41993
10636
31402
70923
77228
33964
3427
71439
61227
92312
64747
44485
58827
19997
19628
77317
86857
47131
80743
11624
96433
95306
26200
41558
54928
11843
80171
54877
3597
56529
71496
19094
53119
59565
94156
11314
15144
96735
26405
26192
41725
87487
53153
70834
91119
4565
33143
29059
83682
74799
52558
18091
84920
44600
6474
46687
84435
89843
15995
65386
53792
48550
67843
4699
20816
45653
91366
99262
25841
8315
62173
90122
20727
54552
69899
8947
42153
55365
50439
50363
78699
51113
71194
28798
3971
53406
34174
8519
53092
47470
26878
25300
80740
61018
72399
93174
19645
48454
50019
45467
13199
33881
3218
75367
12626
62436
97364
30368
74701
97527
4534
29071
39405
65632
86687
2679
77356
39045
728
67410
11479
82847
46171
78370
81437
36874
9382
59708
82152
76725
89301
93698
5347
4973
37165
44819
47895
95826
16173
41535
56041
3806
33818
55564
42937
97806
85895
15109
74331
69721
15819
80600
47727
82608
33988
30351
87709
24848
93930
75751
53054
37656
48216
97975
8226
10835
23724
34432
28467
41868
54784
81529
22873
59192
11369
7673
49030
90606
35434
83630
50978
94272
85377
12432
60906
8702
45972
22738
70985
6815
57109
23048
1897
40421
88480
18386
55590
35842
47339
32102
74082
51464
86642
32464
14937
34289
57727
88534
71239
26316
81320
97103
89413
10300
24774
58782
52279
35785
37070
99524
64862
986
63447
21653
84758
31737
79633
82451
70711
92983
52083
13189
43268
3333
9548
99514
7631
52914
97494
26618
50974
57438
51499
44670
25495
60006
33634
91596
15648
29699
66107
19805
98772
47815
67239
73097
88016
64990
47705
83200
54656
75275
17823
78256
74232
68131
53836
86081
753
25259
51151
99365
38291
10452
48550
7425
49487
18778
96158
24753
98103
88036
66804
41013
26877
32278
14417
95453
36093
36451
11498
42641
5210
14294
71961
75698
39616
73242
70437
57363
6170
47552
90844
90388
78548
66741
81514
88320
99264
59815
23610
69239
68832
22952
85097
66619
8472
76810
51379
41954
53715
58383
49989
64301
13762
8511
94155
23997
38491
72851
67808
76244
48340
38795
18584
50551
97192
76416
62464
60135
50764
26097
96188
76277
12842
42258
73809
82257
29197
5342
67227
62805
21864
28483
3648
47787
97562
26543
76626
70038
72585
57517
49829
26413
92006
47365
20899
30037
4369
34546
69427
32055
14346
91244
91189
27619
62194
73711
51460
71503
34701
11899
94800
33150
5625
5004
54381
19858
35148
70796
52988
70649
99790
92426
87549
93247
76267
69775
84271
65477
21359
43773
77889
94650
35914
35173
48460
30619
37293
76029
85592
23852
75083
5123
35337
60687
62717
16680
20789
87003
92983
1042
94889
33572
81557
98777
32265
21919
3695
97942
51352
92418
89440
85983
50144
90928
34010
151
97235
70452
56543
23763
82564
59118
85203
29137
95566
94667
57090
26862
30531
59587
48987
97267
72493
20318
48883
44317
13093
37136
2908
26541
26924
39351
24678
93174
34411
89100
54978
44408
26678
62566
19445
50337
30460
69221
18477
35771
48369
52421
3212
37598
64829
76832
67412
91764
43432
92172
13490
29827
42045
89693
87057
60099
67544
30003
96838
43214
34441
92029
94726
6466
39689
12682
185
67964
40143
98649
66807
3273
1841
13113
95948
60672
33925
65310
61711
50092
71939
32913
49742
42238
75610
25152
2363
36985
75509
59346
82793
458
72383
75263
1330
56339
57695
96745
97908
52148
76648
99447
51622
44782
25365
10217
27986
28933
93745
26386
26174
2234
68291
46747
71275
1528
42287
52488
30856
14538
10319
63200
92455
80797
15857
66349
30890
26578
11784
39609
2978
37179
67402
9564
73443
72491
81291
4961
16873
65393
97165
73430
43240
49123
33172
80559
32167
25636
3988
99801
14052
5207
65890
83371
41829
13448
6993
70824
28925
59016
79327
1409
17150
54136
23409
88995
34832
58727
73303
98783
20237
37327
35615
65462
17372
36888
19961
43333
47625
35298
34182
5254
22590
11982
25558
97770
71288
84030
67735
59996
65499
10467
76035
57857
86066
95757
56281
89103
25714
44176
45727
73440
52333
5204
79565
76724
69592
429
65999
4941
93486
63659
23200
93627
24834
74074
78818
5168
28579
25639
17707
50801
90992
13307
33285
9770
61291
77757
79395
21614
80607
30857
17619
3449
89570
60742
52920
17386
32416
48833
28178
70860
18032
62794
66509
1840
87267
82408
33024
11993
16940
51113
60525
76
26470
94925
82448
39027
71919
69796
15434
91834
21033
44385
24334
62629
46041
19751
4057
64091
21154
61432
72751
79745
97460
46847
32770
28198
46797
31446
22502
78883
44733
67403
4675
29494
70332
17543
76979
94644
78294
13894
45467
62620
33400
36343
49827
73646
38461
3881
55799
67517
78352
68933
90838
55507
78362
80779
2616
79623
62156
54250
92229
40474
47294
36550
47102
53630
39711
94839
92297
28498
42771
9412
85796
7261
15966
10132
46346
61117
97019
59124
89737
42917
75646
54985
532
75800
76564
49168
51132
89552
14928
97356
32489
24045
21664
4993
15327
96849
89241
96196
33936
43621
11583
27301
24746
68940
83136
83578
39541
68231
34434
41499
82603
3033
64512
49313
64827
92309
36019
71301
77066
90542
43708
2746
13571
45415
76922
61752
85596
10973
94805
49497
71875
824
25188
46117
31335
48346
30239
31591
92664
92985
9627
82901
55119
73429
14753
29457
59532
72351
40166
23017
60831
17941
19131
43393
99912
8838
13731
79330
92017
21384
97981
28569
73426
84936
69623
81780
77844
18396
17979
16482
62070
4428
78636
84080
80916
60807
47626
40141
30663
47466
2221
13246
70807
71788
88666
53934
81692
81795
46204
22497
34615
50908
39573
71281
95004
81058
9476
70182
3806
32973
51613
41137
54373
23685
60946
56403
39305
35051
62477
39105
61211
73589
48668
44552
19164
84736
57762
1638
96270
15690
88
96048
72191
95481
81866
11163
64854
7356
89076
99857
51332
77444
36336
97690
95853
61083
58873
47122
10842
32263
14630
46642
19318
7099
61286
61026
2240
95021
52117
10268
23297
7838
73911
88116
32885
55564
68945
58891
41819
49784
91548
31950
45975
62619
87773
83766
37254
50978
48699
58080
25864
10640
90796
64008
1061
53446
76730
65092
34195
20840
8923
69833
55238
78808
76561
43495
3533
48220
64805
40289
92138
99981
5304
61057
40714
82679
667
56699
19326
77519
23772
51262
46322
94037
84404
12657
17041
9904
87055
79438
78833
3853
24697
20979
40862
21715
76711
67167
86057
44278
80234
89034
86172
8410
65941
25882
5336
29739
23294
18381
52779
20032
45767
56675
97067
57660
23512
61201
94403
63905
26454
93629
61164
85367
61456
88286
75284
84325
20196
18999
5968
33500
70641
75047
97285
34738
65089
37913
28096
58523
7321
87301
86609
68675
26660
58801
58086
68021
23911
83201
98203
15511
72763
22153
17825
86605
27870
806
46953
77655
50597
21011
9544
4295
12413
19279
49390
70719
59389
62330
92570
85598
33105
35881
56584
39152
7020
92489
58707
2656
30201
7263
60415
36994
20796
90457
60737
48489
57223
10681
6869
64284
90959
50440
7926
86310
77758
82315
56262
7381
9412
87366
8633
61581
90630
12605
82405
36883
65568
78672
79585
35381
42098
44298
47455
43334
60596
72550
83499
21956
58542
901
13497
48709
55461
28287
94639
82665
27955
70273
61394
24705
36227
51327
93244
42834
98630
98833
46363
8191
8052
23854
82920
78550
31095
71488
22187
46662
2985
64591
25715
5208
98815
34306
48839
8511
73870
59924
6120
62344
17966
99740
8928
95294
17279
54881
99153
90771
51054
4622
44703
61762
26187
75309
13905
34689
17981
34946
17614
83973
6101
47978
79680
63363
44559
56186
25889
1922
2489
84733
68963
38707
92714
84019
90224
8311
14926
87626
61271
76214
72334
31415
95607
98363
19889
63952
79021
23507
20402
14150
90530
38924
42310
22146
56243
69988
20060
45565
50735
61093
28993
97232
88282
66320
35658
5997
69048
42167
85084
5594
19763
30354
73674
41400
11639
74685
52370
81317
43475
80607
77165
2383
81519
88338
94203
30040
96396
70568
27776
20237
88251
69361
36891
179
47221
75102
43133
29287
62705
13892
94904
36854
38422
14809
94387
60176
65249
911
10508
81558
17618
38742
2090
70128
83927
26611
15713
99944
72116
5619
9600
98479
14391
64848
17342
50402
93463
73496
94178
36537
31553
23083
18613
29583
85702
40311
63960
66711
93950
34028
64790
95486
60061
46218
2619
49510
67271
66762
16251
20611
59389
43188
57170
57087
4293
96424
22463
73574
97466
43986
66712
91753
6733
73970
50006
94535
20129
72506
84425
43617
62651
49002
5994
38089
40828
14114
38419
68173
62230
67832
83130
26702
57245
73567
77147
88364
65912
61526
25291
89278
17848
90385
69244
49965
67315
73036
88753
86090
96212
8083
29381
94765
82336
72634
57960
10388
37194
19082
16259
90178
58005
54290
11345
29635
60855
40011
34509
33165
96823
61641
28623
58603
47216
95147
25769
72265
79757
56029
70773
67792
25360
52329
71961
54147
38452
88365
44365
84610
15608
66759
51170
46831
45268
35112
31273
63558
79041
39610
89109
27305
38528
55589
89266
34571
79460
70777
47549
87189
46866
85695
30630
81165
48308
48467
64819
5677
82328
57198
91182
72490
95645
49899
17558
30064
10471
81792
13336
12104
63874
62210
93224
40147
66919
43469
29264
69771
63062
37390
74686
67674
40816
57176
37744
29913
36129
70004
98522
96801
70293
25597
81229
21843
48427
16620
31659
88629
38031
59202
24101
97668
57442
35446
23315
84656
92470
90482
14247
4840
19203
95047
42614
44939
82511
23509
31674
38470
12155
87645
93935
40466
83269
16535
41811
38278
80980
71381
91720
50300
11810
40635
31741
3861
13290
77018
10233
5371
33862
53088
37442
45647
55758
93682
77598
75245
82983
36291
39331
24919
84945
93189
76474
50386
65267
83634
14399
40907
93635
85037
3676
21089
98762
63947
93030
78567
63307
38753
31650
5494
13277
26304
4608
59066
50203
48288
84708
89587
38936
66565
55294
44689
32051
66801
65355
18620
64160
81354
38593
29655
62619
69325
11736
48824
49412
16353
46884
91811
652
99030
11939
44230
4642
33838
11643
58641
88581
17408
183
16979
98926
24812
1972
27070
29743
58986
89038
31961
98592
74411
14408
81952
160
1995
42875
43951
14569
55784
9655
33850
1405
92896
88935
39906
54626
11064
40048
98213
55159
6714
30038
46752
81172
21615
30729
37807
67354
84665
19081
90426
27315
14923
93219
26241
84623
29987
44070
2648
90962
67691
44073
32798
7754
66332
15575
6030
35877
62066
72444
18680
18939
90825
76802
91878
44373
67655
780
78545
71266
5068
76597
29903
36703
19228
6536
86481
99677
62694
55282
24640
66993
37401
7251
87467
62641
97239
38998
14840
6041
24699
1931
5289
12222
402
71487
36489
38121
1341
81867
16968
29207
65525
31381
85895
91094
14170
96095
88525
59797
29093
6352
73183
6784
47804
51686
81537
83575
89334
29238
47134
28657
85940
72505
46567
3138
71308
17682
36301
47740
70046
48361
98337
80826
38315
95433
1469
6020
21356
96373
48472
1144
50472
55043
76948
18347
28748
98504
64417
48716
89950
52914
48786
72103
34734
88310
43266
93020
84814
82757
19786
96487
59795
40785
89750
80731
8015
92356
68469
52371
50217
75518
62219
92961
80766
45990
78184
30897
95557
28220
74390
72803
53265
87584
57790
17132
99575
26235
46093
50004
52167
8449
21206
38598
76587
51984
41348
9687
65292
96216
10332
36391
30036
12046
98499
14432
90695
55824
91336
88743
10126
12370
97462
56594
8368
46982
43222
72211
82995
72619
81156
81780
46263
18466
205
41769
54313
23622
16375
28782
4642
68498
65605
99340
17889
37999
42768
41219
89085
43358
26437
43751
34898
57349
39878
39798
10986
64611
30230
29605
8762
69137
26692
92673
15060
28552
90127
11571
11842
56730
60119
67073
39450
62555
84101
41628
46764
98122
38706
70369
4215
2004
83125
39637
46182
37406
46883
88914
78587
60407
30783
89701
93391
86769
20020
35505
41806
72931
84280
89336
47871
31197
29378
32355
83239
59363
4301
72343
73247
98249
93033
12864
25905
59861
25391
6759
86011
87055
46491
77654
81669
1214
32984
51435
25947
70418
73681
52681
42535
48597
99822
73833
13842
49369
22498
73017
72625
50771
56398
86819
33105
74539
15667
80337
67373
17920
63796
33531
61379
13261
49493
54751
26440
6627
7668
46657
98213
77943
6408
12822
85681
51620
29808
24651
98427
19200
99022
76536
37363
52373
34134
35241
30658
59672
44549
7130
85547
52646
84061
8028
6622
40151
91301
29274
99104
45072
47393
7215
41702
75841
74803
94682
44363
43577
1138
81485
44731
91016
81910
48174
18898
87260
96168
9006
79127
14253
24093
66768
62077
539
61110
45568
93881
98380
6200
45531
60318
535
25546
53356
71807
91807
34834
61522
77569
39451
90877
87081
58535
63064
62398
94531
70736
35888
89129
19361
43982
82296
50146
84852
20979
80624
45138
41164
14731
29236
801
45983
37377
55606
21168
44197
65470
28554
76366
27091
52426
34647
31436
39676
23375
37012
8234
99013
38140
66579
74832
57994
9251
86839
1550
78021
50388
40694
32378
91182
46669
93670
46791
48334
38651
44895
49704
2929
41896
18202
29061
42182
59521
62039
66934
9335
50860
10470
61477
83966
72391
46125
3024
48152
54404
42806
36732
50538
54057
43146
93808
24777
96176
85184
80421
58756
87856
83102
1026
78480
87308
5305
57117
19939
37518
32650
98473
47212
19905
92214
27161
39918
79216
48412
18791
545
90647
98639
93930
95844
8164
99166
48871
98750
24393
4285
46006
74337
81618
8179
21479
67758
9445
82997
96658
67086
89007
83085
10634
21754
44333
89519
30633
61843
15985
53890
45560
47765
66393
79876
68109
89216
89171
5182
70316
88141
56433
58366
95545
33234
86644
24136
65594
11726
70735
59402
30474
96219
51753
51705
11538
7562
88005
72176
51511
18644
68533
87028
82765
70503
58725
98240
7944
1742
40070
32262
78586
4264
12681
8517
10653
30641
87539
77400
35109
20197
23926
18908
91108
56582
23416
49341
96011
14689
68339
60547
1212
16996
53670
51673
19608
69405
75601
25043
74509
88404
16193
63852
71655
38473
80815
26211
83538
43237
41052
80896
20023
10606
37067
31314
94717
49626
95920
26184
47087
9384
2230
93255
33403
79523
31051
61591
50593
61007
88909
41248
55040
62497
2892
46705
4005
60074
47252
52635
75766
97205
65802
52775
73636
87442
40525
90606
79928
22356
56956
69982
73484
49418
77955
65125
86175
22937
30449
92132
7422
19225
75618
22531
54328
99803
25856
57525
7714
90361
27310
34643
2374
43285
50417
49882
43581
49454
19619
45960
38999
40445
81663
28237
4052
18927
67763
5623
84541
37766
60530
81068
29626
55120
45214
56542
21587
43272
98447
73833
61587
82999
82892
89566
95046
22314
67608
30200
99000
28074
21544
36721
3318
84488
53134
66977
37562
47381
18480
35401
32040
20233
72984
69947
29832
46241
5017
47254
98071
93874
28295
310
51007
45786
84373
55999
57553
92096
33191
81738
51318
37564
6622
56467
16223
23810
77750
45137
1986
78236
18981
74206
24792
63046
41793
41354
10016
12945
59735
48805
17297
20355
32128
5127
99779
21234
85713
57532
116
97134
9425
45465
14191
36742
84082
94476
13611
16517
53725
6022
68490
59880
45268
19835
74894
54089
75517
87960
3994
43019
45984
44608
32362
84385
64442
30964
5437
1496
56688
94988
38096
20219
45022
4852
68812
73515
60015
88050
78964
47317
27743
93498
59219
53713
80315
57416
75087
12293
30232
45691
45716
97753
53538
57096
51151
64816
13104
29806
72299
53119
89039
12116
59829
58736
67926
48271
14858
40416
51023
1379
94073
87467
8996
56676
15276
52486
85388
78648
4071
7026
55876
93143
71263
10997
49272
40343
66681
87925
53700
3997
60412
30210
15752
25846
58277
15628
33669
484
85786
32044
42558
34671
61270
28854
51618
58249
88757
96861
41821
98665
79427
34455
25735
65274
97242
95895
40852
48832
9464
27584
81590
26933
86716
47026
40966
63863
71716
83150
98399
99647
18817
84905
92862
72026
64467
21205
31874
42410
59379
91023
51585
69819
46105
55035
24570
25957
4476
50477
28603
62381
74776
84837
91019
58203
50453
15626
47955
14244
87887
87754
86533
5607
98462
42173
79849
94521
41593
53708
807
76038
64022
98441
89452
18441
75998
11772
80827
31682
22457
15009
59388
21239
54548
36019
24872
33980
93886
34659
21574
48842
73250
17631
54522
71624
4490
45979
71356
3933
75185
30048
84364
50767
49671
52564
98359
76334
95384
72578
82205
38681
34798
16274
91786
72878
28367
65295
51059
62444
17301
45869
636
6935
32135
51965
2789
46392
43920
17829
13951
30020
40416
76895
56496
92409
30645
8621
71568
1984
37660
48537
38595
21308
52453
82892
14044
56976
25844
81643
43257
39195
94919
8913
86631
29317
29412
77430
18632
97705
49776
51967
32415
77556
58628
52186
98265
57902
59777
99377
42234
19746
93727
49076
24785
68764
7274
79328
54481
49242
37921
45812
20549
62276
74571
74755
35100
31503
90263
27180
62997
53214
89989
73862
52208
85692
16123
61039
62680
268
84627
56141
97199
26466
39409
23511
45468
45844
84128
17868
22043
50084
22950
69390
59784
3964
31419
70138
2986
83872
17086
66763
67638
32598
36381
89019
29757
19865
96868
39092
52641
46235
16649
54213
64615
81780
48613
94082
22867
51060
29288
89256
47375
72396
5138
12914
30265
20599
14078
48244
54273
45985
58054
78807
83182
17865
88502
64601
90085
50390
93754
25603
48976
45036
65226
75807
33436
68737
4775
78004
55351
37337
47271
51926
54584
27829
19388
95242
27461
23467
58755
9159
5788
48624
84819
6657
88180
37841
71030
46751
93277
84011
3998
72477
57306
3685
40281
2339
7170
29330
79478
61528
15825
36074
92892
16937
98713
6129
24223
55353
98476
93260
37141
66618
91634
84596
19816
352
60217
58570
87627
95594
97706
58023
84726
71339
33340
74793
94620
50900
87548
17050
88072
98131
43989
97227
93333
69713
55732
67882
7943
82052
13618
15678
48275
18
46871
37379
80842
72710
83868
39930
42122
48600
41703
83883
63821
57801
51347
21553
83597
23921
11509
73323
67805
81427
5188
39010
22629
94407
91262
50102
44620
92334
50627
5575
81976
82029
9749
84709
24469
95960
93950
21910
67031
47619
74927
39472
56429
60106
33406
35532
18367
34179
84285
84022
70543
40294
47873
66848
94830
7861
14750
86434
81447
33766
95309
49788
97973
36128
1907
81792
48053
66638
97084
87636
29970
89598
6293
20186
6500
65715
82581
62523
61002
55730
31736
10442
8049
66604
35032
41683
34157
42901
89879
16608
81210
7516
40463
33265
52309
25140
41499
20302
58199
51613
87479
51728
37095
96649
54052
80945
34002
27687
60348
29115
25280
52227
25433
25717
2031
84868
41739
31369
1096
60224
47636
5153
76759
80476
6426
22455
49136
73027
67876
81359
24217
62280
4325
9390
68251
80007
73347
11400
12553
54087
7681
6470
82552
60764
91328
28984
82083
14746
31234
67440
83401
10130
19206
97974
3978
82327
74969
56618
90223
31598
31810
60975
59810
78989
4899
63000
47902
16044
57466
22023
11522
30340
18817
47009
52544
41166
22601
15995
89148
77441
40371
34390
41793
437
97958
14087
43074
6350
5412
85924
5039
16729
21177
80954
22278
46706
46660
3563
55866
28328
81081
66040
57279
9212
55919
53062
91312
72196
45431
62811
59726
58974
67470
12782
91226
97419
19182
59374
81030
90811
19926
41553
10632
71542
16985
94793
9164
37863
24732
5839
94505
19038
60129
60820
96359
74331
77110
32582
44517
44896
22775
70878
60918
42600
26198
46064
49258
8395
89727
24858
27524
87286
22532
65055
8402
39528
55409
85737
92226
61125
43899
53450
47465
39593
68306
40689
98845
6650
16422
16896
20309
86599
14857
36134
68036
49048
80635
68031
45345
70921
45535
769
48135
99873
78314
7220
96505
95073
52419
56832
18923
91373
40356
83392
998
69325
23413
21325
74294
85508
47219
42608
91972
72832
4550
40925
72429
86398
97018
59353
58893
87377
40393
21306
15591
43130
5315
47591
61279
61086
44184
3772
54231
59590
97973
28936
46244
31465
35137
98711
25635
59310
93736
59836
23702
2927
8796
75303
95324
37389
34790
10108
98055
93065
97938
31545
50981
19050
67802
57867
64010
75822
60046
13209
41324
43448
88377
32383
74858
75614
94680
40965
51261
98306
33719
99582
93641
80556
97603
12664
34335
30011
52266
23890
26296
34077
5716
61166
61651
66428
77954
27194
63663
77269
34701
49813
99264
80528
18512
80254
14550
76413
445
19711
42709
93825
58846
99748
59347
98355
37904
70425
21447
55138
23533
34000
23556
36157
86913
7248
37732
27212
70731
8431
97659
67487
77302
73992
63605
83906
319
13113
62044
17350
98113
57921
29566
32556
81181
32470
75230
5968
1820
63296
28524
7530
5748
8525
53736
702
26257
63107
93615
11265
42523
87338
5682
92014
22052
75221
16524
84854
36143
75441
98037
24791
8382
4097
57025
65611
4434
91000
54975
54443
32017
31764
25392
7436
79906
90130
61740
68777
20256
62904
57649
37211
19498
50779
74826
10776
52240
37552
10504
5960
15947
90376
69824
26379
65259
3734
99148
1651
51500
88124
96267
35256
8133
39172
79247
10759
61946
98246
12108
31922
13482
47746
64598
73239
17792
60826
5293
57602
29271
46249
13372
66882
80496
49016
38496
41641
61939
99013
42177
76173
90981
60090
17278
32132
66636
22393
29079
80325
71532
64068
48829
53993
25444
78582
92478
68200
25779
96585
8587
4433
98440
41546
72380
5251
74752
29386
54760
59116
677
37607
48819
62932
56070
35935
40940
53391
30469
32467
6604
95398
31747
24968
86070
65202
97419
59379
41439
1914
56537
70296
15862
65354
90427
37744
77732
49436
87710
12028
57379
37250
67633
69962
79649
33925
15249
85897
97922
89508
37643
39087
37732
93311
89982
13188
72686
73473
55476
7178
7831
15374
87947
52846
2580
30381
21745
83465
72505
18327
58203
91503
65681
18441
75088
69353
27766
61784
45318
52145
49954
11523
61456
51930
64270
17451
32564
22551
75372
77239
65057
4260
93959
80532
4197
42006
49303
14787
67383
49269
12181
31784
13393
79596
31306
46139
73405
19291
18224
20629
85422
10902
28155
3332
57223
96307
53917
36017
88575
85129
97816
99194
8093
95265
53269
53943
97544
85149
14245
33082
20050
12979
94400
96049
39964
18171
98130
81860
20625
18132
44045
13273
4327
54743
91816
54155
76105
90628
23309
7889
88088
13287
26212
82254
51452
12987
23691
18127
26327
77363
48595
88256
5047
85141
580
72444
16502
32105
63367
39053
98177
72057
15392
70444
41084
84543
94867
53349
3450
99113
77837
6917
61840
6356
44994
6763
86766
12146
44597
26978
94479
80003
55533
43262
69536
55788
8227
19185
54163
19373
37654
44000
27261
84256
9711
16032
97894
55767
41171
66908
18119
70341
14678
27214
99525
41678
26417
98691
40148
93816
85677
4356
87508
36389
44574
18175
16525
72130
908
85296
76317
75683
99185
84076
61460
33837
79655
77584
96644
28963
8869
30999
70975
77688
8860
24138
65325
28319
43736
27859
29372
9535
79037
60347
33695
33299
56492
90872
39682
91536
99506
25765
54860
55875
90591
42435
71155
30601
65754
65688
62023
48833
2048
11186
84948
54678
33380
9820
27529
20436
52849
88205
28394
73049
55924
66782
96646
38839
50382
28161
77345
88783
37902
5108
29456
83103
76139
15101
87097
66424
52982
34725
62565
78048
65836
80539
7488
67851
75398
79017
99918
46673
63343
19247
38687
11302
97370
81811
99950
23809
45789
32317
80219
37593
88343
73239
10932
96939
81729
1846
78539
18279
22723
61104
67454
18125
25640
50346
7214
75385
59295
28795
63441
71365
28243
30673
25441
18656
66421
18154
85733
94328
15151
63289
20635
20666
54505
24973
89705
92596
69607
10549
86121
73553
478
81639
23950
2239
51793
20563
85662
47025
74597
24565
64513
16995
68875
8855
9350
57670
47799
92276
30519
63576
16112
84210
3129
59434
40470
46788
63619
667
60641
14617
5778
48747
42673
89888
70887
46603
6723
23202
66862
45858
32492
38709
19731
90585
98775
3641
51791
45651
15624
32035
44798
77331
80029
22546
57441
16267
78511
64516
61769
5005
56943
84995
86383
59981
18788
15767
74321
78987
37968
62746
50948
24597
25414
84660
31084
77403
64480
12543
60658
36829
94997
17969
85043
28606
69819
28447
68717
20127
32447
54620
68092
42206
61433
61858
88915
47496
52325
59750
71798
83008
29319
72803
7684
52877
81086
20201
51918
95369
91462
80038
51787
65968
3858
24941
10008
38974
99952
57777
90161
90340
47050
54194
46540
83347
94654
8743
63163
63555
95744
83587
25078
4731
40745
77650
7510
22194
10286
32166
47520
49618
76528
73347
28665
52409
2834
2125
38348
36493
51851
49941
47544
94547
69588
81457
35959
75125
26264
24336
58222
72344
57037
88362
99624
7875
54960
47056
25224
26208
17431
87813
28689
67786
10258
40543
13813
73702
25530
94131
80514
92530
70394
26671
11705
45804
36044
30531
35142
59287
41691
32385
95930
85949
73943
75175
92580
88165
73722
20790
97449
55777
76900
12141
19062
64037
21253
79757
84289
29045
67645
62256
49596
32133
43821
65692
1951
30367
76658
53821
71831
24429
11915
65936
84516
85046
91883
42739
93842
35082
47963
25647
99979
4740
96681
24738
15630
58254
7609
47667
24551
56286
46241
6097
91642
79435
82789
63797
42129
8252
73225
62214
11508
19902
48959
73020
43862
10965
27624
34016
72154
78513
85914
49208
81082
41998
62276
44856
35451
19084
50062
43696
22758
28991
29270
15546
78188
5818
74294
5082
2258
28086
611
85591
61857
85749
14140
80078
55780
23662
80875
4666
30630
73593
75513
46038
70371
97033
25015
49644
17159
37933
28347
23046
58189
29529
39456
82516
90631
33414
94831
38044
36670
22543
31758
44068
77903
324
87350
95333
27859
82198
89076
11789
38208
45397
13067
49165
53478
83232
45174
81155
80803
24650
87923
64325
99739
77565
27403
32328
46293
31623
89447
22367
28831
42832
67996
8088
41835
31445
68134
70048
9683
29681
21786
34961
48856
16558
84837
12792
16463
90291
29039
7400
88240
13677
57241
12020
34619
67433
44329
339
72920
55023
49040
96236
92751
66710
82958
95376
77401
4979
7330
22034
15098
75125
71473
51122
2865
52963
15469
83181
92727
14611
15865
56002
2585
82047
34127
15155
85590
55976
73468
74401
87116
67796
97127
54659
80640
25549
42209
82146
33600
89461
35391
11485
82961
7006
92301
13115
42203
6119
9156
81656
51965
61147
7611
58310
39158
93038
93651
10704
32583
67804
9786
21426
31510
32928
34917
47302
77998
16814
70481
77315
10754
33322
49582
3266
79220
4381
73040
95579
89746
21012
72951
79472
46821
91811
22437
25969
60185
38818
15502
87602
31898
31506
49563
65795
79676
13966
79974
50033
72088
45000
35117
25390
35637
31840
70903
18643
11565
4346
79090
34777
19999
98072
20957
11572
94853
30313
74605
39698
10492
8948
87117
39180
1313
82879
45418
79247
83759
83787
23590
65254
24407
23007
23492
44747
85895
47561
43836
14981
20909
3794
14405
55840
59728
80724
67603
33825
10549
37992
70942
49363
39361
40276
39542
63140
57882
95936
24078
52757
86421
91655
34884
27778
80755
13836
10371
96992
74581
76210
25676
47292
86477
59624
18790
6698
94543
31277
79452
20588
15277
11594
68698
45767
12845
74227
25894
84131
83465
60351
86864
89959
23484
91078
28560
29253
68910
86627
75085
45892
70354
70611
59244
34339
12317
23651
62885
79736
21486
32844
68596
26606
16485
3490
37481
74828
22958
89116
14933
6528
87942
26239
13527
14230
89345
35716
23808
95399
31065
89536
37788
7917
56192
33560
50234
44665
52349
34359
33451
89193
11343
46157
62645
50621
91755
60259
73475
19995
53597
53731
6296
79794
71694
68557
57950
44115
57084
45014
44994
76600
99842
67485
48672
31950
95056
60680
70413
82924
53255
92816
22479
88598
55666
25739
95184
41785
63594
62906
22475
29087
62241
3814
41802
77333
83241
57994
36222
87634
75609
6119
87580
7336
89365
56850
89351
43858
97485
30696
55565
31075
89845
90550
66739
60781
31253
17698
24128
45955
73373
16166
80521
94178
22540
15907
14360
96029
25683
71338
48708
37063
24458
82778
7315
47136
5236
15144
99232
98815
36388
51327
44300
32899
7341
91399
39241
71690
37074
81021
46081
65544
33866
90267
14262
59444
25598
93401
84795
73459
42491
93321
18175
26147
81987
18503
6618
7068
83235
19604
55545
16109
18465
25312
9567
22046
71866
47623
86838
31140
76666
42669
58956
44661
25257
83164
3197
34191
68517
47871
21539
11834
30348
25774
56325
43067
33152
18153
50911
88837
84782
32174
88454
17471
25476
29973
47079
8554
80700
92215
87578
77975
6564
53655
96792
99821
34365
73513
890
98822
15307
72426
38550
35365
98064
43712
85761
92690
68986
66500
88894
53713
96711
98000
46358
44492
54214
41486
19186
95284
36085
94642
53491
76302
60292
43564
5270
76692
28981
56504
8703
59639
17264
52089
73531
12356
93623
53090
19406
81764
44211
54388
39567
14201
3322
33866
81263
8564
7298
52300
45607
92878
54328
5605
62737
20664
18936
62248
75072
54501
38442
9069
63710
12483
57797
29255
36450
44623
24469
34003
50868
1125
22081
37421
51074
81697
55075
39291
72981
26427
62300
96706
69395
76681
10897
15824
5311
11659
89351
52868
93419
31376
78017
64904
43323
35143
90678
27085
56403
74066
97416
36641
84094
73295
1432
44483
70798
16908
54531
81040
65588
79645
89267
48645
92201
41735
39674
87029
1586
41973
23945
24791
55272
71601
40583
19493
23107
57176
94097
15932
91018
27991
82887
98914
29011
25659
12612
96100
75249
66414
45026
88403
57128
8311
87279
13775
42109
29373
72703
1588
95468
3650
25499
14430
50122
72625
81369
12494
32713
81939
21377
13622
22810
38600
90022
37598
96757
90352
19635
66542
29124
43574
11780
35172
96947
35541
67662
46961
84321
26808
77383
93734
84472
92509
20463
87368
2493
68457
48793
56385
44290
118
63388
93309
45037
31404
65594
18529
18288
49682
17017
51756
9738
6162
72464
51895
91869
90326
17483
14581
4964
34408
28173
5905
4556
27642
29150
30300
18138
2654
35105
28300
41560
63249
22253
29006
80186
18471
90135
65543
69947
49134
28673
34639
9792
25627
83996
78311
20046
68567
95498
12166
50975
34212
51422
9882
71945
57483
88753
17396
2255
35294
392
15635
14577
88716
10197
46489
83908
43459
71709
73399
192
51940
44634
55829
5735
93533
96113
78928
43646
50838
10255
49570
7155
22939
77325
7348
11827
12371
57061
22703
29717
72740
63288
34654
48743
13039
20063
21075
15431
37508
94403
76586
96857
22099
11975
99035
89578
95593
4147
78411
61370
9826
73749
51417
25039
50821
8480
91637
11391
2850
34662
71537
86398
49007
43683
27452
88651
9981
7087
92696
73471
75038
63498
6139
56435
33668
52713
85055
10965
78290
17769
16234
8225
78649
61333
19892
98990
11872
9615
97921
4559
28425
9684
12581
2846
22866
90188
47851
78416
84523
10384
79598
88506
11451
4941
86331
46327
67611
94981
91370
98108
23424
80673
33101
85080
18428
63313
7749
87674
23792
28461
76779
366
9165
88137
45046
65354
50918
3293
33569
43480
4863
6640
26441
67906
38171
27727
96774
73708
75001
73564
31379
16890
18244
99813
81135
47751
76583
27500
84417
59553
82439
60176
54624
56062
33605
79232
79342
23313
59894
20978
95409
64319
61413
47891
93245
16785
54232
65195
46910
90701
66538
34041
12674
50227
97082
59890
82122
9351
7003
97294
88771
23418
18875
74016
61040
44686
52016
70378
34302
58938
48385
73461
13814
54024
78155
67060
55477
70352
6569
64351
93519
11388
80590
93716
93014
48399
47503
4397
58980
73715
97110
69992
16311
62599
32206
71991
45444
87396
86851
48559
64769
83853
30893
87972
42316
93077
20227
58650
72072
30022
4413
11770
2782
42652
3776
77383
42827
25159
81002
12641
97183
47619
11399
60587
61827
78393
57151
51214
21818
6164
21617
68081
83501
58009
99581
9666
80495
92618
51400
99937
28172
88853
32325
28959
69302
85341
67210
73659
58824
54822
29164
20286
6394
74211
51376
17150
72455
70306
26145
63923
35926
69012
36832
65908
8406
36332
28269
44773
43070
94110
96888
50209
73758
81065
84468
8330
15295
82439
91284
76485
11183
83492
92390
66995
76999
1331
61687
9291
6633
82432
37211
10189
66473
87477
64011
59160
52021
66417
20553
32971
57073
22437
30589
64714
57934
78955
46528
25329
89742
43047
1856
90015
79022
49659
52741
52433
76622
69836
88908
7075
74645
18979
38141
60637
56900
86700
83736
86281
17054
25309
56308
48878
61887
58314
19413
88746
52903
27677
9062
98044
54803
36358
19548
63586
80576
47195
31166
16814
34737
11578
82538
82185
77508
13479
58326
38095
84296
69951
7815
71234
95218
60247
8275
64433
86738
52978
28129
20708
30247
63994
99530
48945
60775
90863
52271
38287
99430
74554
80060
9705
55534
66923
51544
5477
42771
74123
71369
48408
99988
81318
4450
82951
19863
37828
2826
94556
28083
55115
76848
27599
19066
10459
86567
70742
12048
33593
21410
86644
61207
20039
38664
9742
89891
98109
15700
28296
8703
2799
21662
12615
81608
79720
20720
48928
59545
16579
29083
22948
88038
57715
10204
44315
97706
52462
90638
45076
80355
80802
93429
9179
52714
84725
87201
79949
42654
94708
93060
21753
22128
74530
85854
25285
33453
64233
45990
39346
89738
37639
11198
95469
4511
98461
98606
3493
9835
94348
12036
37429
7471
70624
47940
27900
9370
12484
59901
96883
92519
40770
6275
64837
23518
7330
821
13508
71860
84918
10863
33473
6472
51293
55337
42717
69605
97960
4668
54252
86118
83709
70115
48305
82672
55632
14282
51504
26590
57954
15916
20969
4333
49106
46826
48968
31365
46360
71951
97180
97641
85098
31632
24916
83486
78562
30957
56178
15287
5224
58295
11410
7816
5649
10766
8810
70655
57969
82164
67886
93047
49317
86918
13906
69003
89894
29141
57366
4467
6369
11352
23245
26009
7488
56611
1020
52078
45199
64819
4111
24675
58104
36217
21366
99659
4507
13153
98684
38341
38016
78313
73395
64196
4066
4133
48325
98180
17726
55913
93592
49422
73591
51711
8918
93871
35050
85400
329
49038
9746
56732
25457
93150
78054
43212
34944
13100
65552
14246
64496
76741
30456
19026
66451
28056
37957
59049
21944
3355
8286
2840
34352
89285
71227
54688
51083
6394
27299
27495
64610
19106
12824
49647
28595
81284
52857
80245
86142
60853
69189
35226
32628
3480
91417
16851
18966
54566
85260
80862
55915
76001
63457
96973
40752
6907
22381
36171
21924
23366
92128
28551
85800
38058
49636
45390
63917
80809
90430
85167
75199
57711
72906
61090
34166
73060
70211
30873
97868
54376
35722
96516
21134
46437
71579
88608
55649
15851
8895
21689
58904
16686
58322
62777
68724
40639
49425
94570
53844
46027
52933
38157
64136
94
5663
98203
3095
2367
62807
67691
36696
91508
38303
67547
87643
95611
7417
39363
66478
61027
89740
48067
71914
68742
26264
58514
99389
10130
92365
93527
23636
75641
77028
51842
1443
97565
32381
21041
40775
73375
85514
53283
53043
41203
84993
67395
78382
90775
75134
73112
33222
10062
28092
92816
56286
4867
66243
95393
73830
47149
98814
92965
10001
69279
44056
61054
14480
86461
66104
90078
63231
86376
98588
93102
75513
36458
95023
30711
83749
58868
80131
8614
34996
19253
60306
13574
47549
84212
95555
96576
31322
36987
47211
93625
74561
92548
43283
83764
97146
23939
52916
91921
24671
85056
9882
46845
11473
34989
17304
19829
9844
35532
11645
14962
67018
90200
57970
90747
8973
30483
13506
30267
90905
69528
58756
26244
39166
4964
18542
82965
93174
11260
33564
59811
5952
88210
83943
49940
9372
13462
2101
12560
66909
75726
86733
95789
25343
32249
26608
84360
34578
52536
74791
66664
10433
22650
1016
55143
26300
83638
7679
6510
16448
34338
26655
98583
1969
51833
9011
78808
6258
8031
81375
95511
28382
947
63358
15180
82795
62966
901
6918
78356
34182
48387
40639
36469
66899
49378
83301
87194
28801
23640
25734
5783
95591
96112
32571
49072
88149
93821
73509
23238
47800
78103
26548
71160
79279
38282
9487
59291
85836
72347
63334
82737
761
28154
82266
85951
86015
62115
35069
2456
25709
91613
77456
84391
55642
89728
32791
4834
30788
66107
94645
69145
27392
83680
30556
56078
21840
69478
57189
28618
39892
24011
1359
56453
60306
42996
5022
67438
13847
46619
63057
26035
58752
71054
97528
56186
647
42157
15518
89550
5492
4653
28504
19730
77702
94188
55346
17081
97597
26188
64111
16537
4926
6452
62563
1699
90254
21004
24085
12647
84706
65353
90987
84168
3051
68611
10393
56337
86152
74369
55432
79683
53961
67639
23126
35239
95507
81629
78751
66117
87650
87941
69840
87658
82508
46520
21110
52301
8492
95829
65931
79643
18072
2872
4845
40138
13666
44335
16679
9091
83796
99008
30929
23228
70756
84428
62576
37286
83325
27324
6191
8626
42253
57968
24996
96765
95512
3330
1661
56531
47501
58092
47846
90322
8438
75789
61612
51090
62795
82988
21574
51172
64950
69660
82320
88641
57013
Maximum: 99988
Minimum: 18
Average: 50337,9487
