132405
108780
437088
394497
21280
57289
89300
445260
137022
829920
436392
90589
68355
397024
855075
131008
7035
315450
112558
236384
332135
5533
183080
530026
717408
210100
289483
57267
104600
329763
7128
117284
10856
632052
593186
86190
288925
374460
402901
135702
24852
18810
101926
190000
810558
23986
461700
127305
291824
440091
8820
777664
306816
4620
119660
825550
412963
55176
157896
15120
207915
729998
188895
683165
189376
347728
81340
46129
2499
260144
200596
54900
287988
304236
597232
764198
216032
121216
14996
31724
373464
36344
112649
274318
263593
237269
31683
280448
55040
356118
729712
52
210900
119816
61705
187753
138014
37730
77680
581210
